37.421
1.97121
3.95325
11.2386
3.11157
4.81169
12.3202
5.46652
4.9424
5.45226
5.52184
5.2182
4.22667
5.72736
4.89557
2.05597
4.78786
4.5529
2.92864
2.77881
0.312912
4.32201
2.45745
10.9191
5.03038
7.96211
5.23623
4.84532
4.98815
2.26719
4.09521
1.33814
0.672445
5.19136
5.40619
5.16394
5.37116
1.11043
5.32848
1.21432
1.49526
4.85451
2.68545
4.02443
0.909643
1.48019
4.95886
0.899394
4.05662
7.6441
3.02768
4.67085
1.6527
4.57814
5.29383
2.08773
4.69589
0.475224
4.20037
4.86361
2.26917
4.87519
5.45498
4.46203
1.94013
4.74789
5.14124
5.26829
5.32542
4.7955
0.993537
4.3467
1.05625
4.68402
4.78567
4.63469
5.5945
5.13346
16.1991
4.47904
5.91651
1.65372
5.46579
5.90627
4.54907
5.1271
4.38268
0.484398
5.10601
5.00282
4.84601
5.4012
1.7061
0.441961
4.19718
1.39375
3.30557
4.51661
4.69398
5.07519
5.18244
4.67305
4.97792
5.38002
5.17691
5.2906
1.06793
1.41085
0.605187
5.82717
1.44554
4.22731
2.24024
1.67353
5.23326
5.28898
2.40625
4.68347
13.2166
6.67356
1.5174
4.81037
4.49485
8.07001
2.21044
5.27379
5.12929
17.0969
4.6956
5.72926
22.8514
4.9458
3.56954
5.16842
5.0215
3.62017
2.41583
4.70917
1.77285
25.1051
1.39535
5.20001
0.285954
4.54548
5.88968
3.96711
5.0993
3.19991
4.6098
5.26859
6.13301
5.19422
0.888191
1.38305
4.79718
5.596
4.77877
10.8855
16.2929
4.32693
2.59877
4.36554
5.20512
5.28231
5.09868
1.11482
5.54695
5.43816
3.28815
3.69344
12.7358
4.64673
4.33413
0.00249752
6.69771
0.0376961
2.01499
0.119664
5.09056
5.42038
5.1078
13.404
4.84164
4.91925
4.75184
5.36862
5.03045
5.28242
11.9189
0.242328
3.92357
6.7224
4.11767
4.24916
4.12998
10.693
6.14945
5.49689
4.93833
4.60278
2.76456
0.82598
4.03506
0.201852
3.29018
4.52824
4.7341
4.49236
4.69415
1.34452
5.73322
2.00073
3.95223
2.11841
10.2647
5.27737
1.55572
3.54778
4.57521
4.47451
5.40911
3.89588
5.31231
4.84956
1.35118
1.80196
5.27872
5.3916
16.0014
5.32139
4.98065
5.27702
12.0766
5.07155
5.56422
8.77675
5.21903
5.25052
5.02652
11.8242
1.97141
4.32935
11.6966
1.23794
5.12077
12.2433
17.607
0.762676
4.85434
5.27674
4.97208
5.04616
5.30684
4.75457
5.01785
0.787799
5.16675
4.53837
2.91597
0.0223832
4.83811
2.41135
0.227764
8.22889
5.44796
4.70608
4.63017
5.52543
4.6874
2.40594
5.02415
1.54197
4.23936
4.81654
10.5244
10.1191
0.796818
5.10453
4.88399
5.13359
1.51422
5.18403
1.5619
5.20354
3.72459
4.51906
5.05339
5.24715
4.97431
0.19897
2.29974
20.1755
5.01659
5.1655
5.06391
4.88516
4.30799
4.56682
7.30273
5.56853
5.07354
0.253582
0.124151
5.32615
3.73624
5.44175
46.0437
5.48483
4.81165
5.85461
5.12906
8.17338
0.599634
5.44942
4.50042
0.382205
5.58865
5.99042
4.37555
0.893688
2.94579
1.8188
4.58056
4.92322
5.77085
0.425319
1.34442
5.01991
5.93202
2.63207
3.24296
25.4258
3.6179
7.66407
6.1287
4.16985
0.345234
5.34914
2.44873
4.8703
0.220238
5.25521
5.78266
5.744
4.80305
4.93669
5.6092
4.33314
5.32845
4.65381
5.86698
11.0905
4.97544
5.3611
4.5077
5.1919
0.478924
1.86215
7.36285
5.39435
12.8386
4.66648
1.53303
4.69177
4.76641
4.6076
3.88793
3.90415
11.9954
5.7271
13.8212
37.0946
11.2347
3.42744
0.0675365
4.70662
5.25873
4.84013
0.214643
5.92591
1.22368
1.03083
7.57912
4.70994
8.40389
4.97367
5.51986
5.79571
4.92632
0.584211
0.571307
8.00576
1.73935
4.80587
0.722845
3.93613
10.0368
4.86633
4.99659
5.7069
5.18573
4.1872
0.502481
3.492
5.37115
5.25058
5.08785
1.7587
5.67814
5.23548
6.26295
5.76356
0.767408
0.740092
7.59101
5.51448
0.757705
6.2196
5.58501
5.28817
3.16531
4.75175
10.3111
5.23461
4.74676
7.47174
5.01866
0.31114
5.55142
4.37731
5.09678
2.85517
5.1804
5.01158
5.71565
12.9265
4.58238
24.8534
5.47195
4.71664
4.56382
1.41691
4.92551
5.94276
9.0183
5.86999
4.70986
3.75303
5.23318
5.54941
5.23729
4.85826
5.96275
5.12817
4.7411
4.97575
4.46135
5.21218
8.9799
3.87359
1.38811
13.4643
5.32326
4.70339
5.14696
4.47111
3.23307
4.12488
5.36062
0.498811
4.83043
0.886655
1.39871
21.4007
4.4184
5.54133
8.25541
4.56484
5.80643
4.39257
3.73924
4.46787
5.49338
5.04795
4.82276
5.25719
4.29589
6.2557
5.93222
1.92218
4.26492
11.5282
1.05826
3.09978
6.41604
4.43691
17.4736
0.330401
5.89626
4.88885
4.82273
13.1493
12.6424
5.27973
6.42146
4.73656
4.3164
0.629537
4.72698
2.85184
4.37788
4.96465
4.23821
7.70687
4.82431
3.58017
13.8993
8.60836
3.02031
4.2935
3.99983
1.67756
1.10676
2.42783
4.18173
6.79196
4.54921
5.6455
2.56772
18.0424
7.25549
1.24052
4.41505
4.97742
5.30426
5.18054
4.45076
0.858188
2.56779
5.38042
5.46668
5.55258
3.36888
5.24267
7.43468
4.46536
4.92309
4.85558
4.22019
5.1285
0.203123
5.26492
4.66511
3.13342
18.4834
4.16977
4.83562
5.48087
7.65425
0.474662
4.65869
3.02511
4.80944
1.99704
0.989874
4.52708
0.24422
4.30319
4.92234
4.7908
7.03152
4.73568
4.84213
4.56507
7.39657
5.43973
1.22843
4.57049
6.06313
5.87493
10.3284
3.37165
5.17026
4.83242
0.794349
5.60602
0.439874
5.33378
10.6434
5.33215
5.5911
2.4345
0.0697703
6.06911
9.11959
3.30583
2.39169
5.43657
1.9952
19.7042
16.8559
5.21441
0.19137
5.52049
4.42857
4.87039
5.44884
5.00402
4.02597
4.62227
16.3593
4.46163
4.89136
6.08737
13.7601
3.62316
4.79493
4.68625
4.51113
2.60573
4.96654
3.56273
4.96493
6.75715
3.28985
1.88587
2.86788
1.32338
5.48222
1.90314
4.78996
4.95429
7.09277
0.174475
4.94903
4.24047
5.64619
6.80342
5.44752
1.02078
4.1333
5.16387
5.01196
5.36796
5.18172
3.08971
14.354
13.4615
4.05419
2.15829
4.21016
17.4106
5.00504
6.09131
1.70446
4.74745
5.09392
2.29619
4.36538
5.09051
6.002
2.32898
0.312266
4.17525
1.44215
3.79903
6.89728
4.47934
7.7659
4.60132
7.21376
5.19092
3.2106
4.91677
4.07119
1.04522
10.1642
1.39425
4.39561
0.719657
5.1765
5.30916
4.32872
4.49333
4.21624
4.93945
1.09817
4.82547
4.29813
5.35883
7.20615
4.55507
6.26174
4.75752
4.91273
4.83236
3.76238
5.03738
0.609184
12.5437
5.56825
0.446501
4.84489
0.552376
4.99016
12.6714
5.12199
4.91636
5.32553
2.32856
4.97358
5.23769
1.82246
11.3873
2.33914
5.03167
6.19981
1.20227
5.26359
5.68222
5.21564
0.0944171
2.65965
5.16219
0.397942
5.26858
5.26914
5.25241
4.56549
5.22587
5.15468
12.8986
21.1261
1.10755
0.729668
4.65426
11.2239
5.35471
4.76545
0.469722
5.48075
5.27036
2.73944
4.57225
11.8923
0.297687
10.2588
6.12984
5.2289
6.66462
5.2021
4.72848
4.16063
4.40562
3.91795
3.19307
0.277582
5.20134
5.36555
5.12226
1.4442
4.72844
9.30942
1.38323
4.58862
3.64682
5.60026
5.24223
0.275321
4.82749
8.86211
5.34217
5.14212
5.02686
5.14444
5.42176
5.17431
4.75735
5.1089
3.54213
5.75231
3.06212
4.72222
6.90018
2.60055
4.90498
1.45863
5.02921
3.67292
2.68526
4.97101
6.20659
4.88127
4.98296
5.23777
30.8385
2.2045
1.3294
0.735828
5.12891
4.21983
7.56194
5.73928
4.66539
4.90727
4.72813
5.1483
5.00113
12.4856
8.4658
5.33315
4.50325
5.28515
2.52232
5.11625
4.61845
5.85373
5.50502
5.33949
4.45543
5.82511
5.49088
0.513147
4.91622
5.1147
3.80653
5.7076
3.17686
8.23913
3.62155
2.41167
0.125705
6.24507
5.12483
6.29604
1.64399
6.8401
5.35622
1.02456
0.211943
5.6173
0.310224
4.85983
0.891053
5.57703
6.83586
7.13636
7.28378
6.83014
4.74423
8.16246
4.96005
0.593812
5.05557
4.99537
5.58836
4.0872
0.426147
4.57249
3.94924
5.74067
4.86595
5.29717
4.83568
4.73314
4.64119
0.408731
1.00684
4.55764
1.57866
13.8435
5.77066
4.28385
12.8821
1.11924
1.15241
4.17437
4.32271
6.34489
4.90315
5.11175
16.494
5.6897
2.53428
4.73888
5.01066
2.80882
5.29241
3.90529
2.22732
4.56917
1.97046
5.71737
0.915298
5.16676
3.09675
5.03074
6.54028
10.0285
5.83691
4.80069
5.16207
2.255
4.77162
4.18756
5.24479
5.39672
5.01918
4.91458
5.75562
18.1949
4.27273
5.09043
5.52034
5.6567
0.753279
4.96575
0.0938949
5.62647
5.29965
13.0956
4.88798
4.42698
4.80509
4.66551
24.5092
5.07836
5.62821
14.1545
4.81887
1.0527
15.9246
1.38367
5.14712
2.45906
2.77691
0.148193
4.46467
4.35305
5.39502
4.46799
0.214897
1.52837
5.04561
5.43186
6.51838
1.60095
0.553859
4.59597
3.29784
4.77999
6.82211
4.7336
0.772481
4.2173
4.83116
5.45802
5.31573
16.8617
4.25025
5.72623
0.565504
5.47265
4.14836
1.02997
10.1636
5.47502
1.11633
5.39048
2.73655
13.0286
5.4828
5.45118
4.87291
0.9593
5.19616
0.899936
5.41085
4.92552
5.48319
6.43627
0.359577
1.03047
5.2095
12.5661
4.81689
6.39548
0.929111
5.38515
6.19788
5.81865
5.37832
4.60201
5.1626
4.90528
4.4851
4.41147
5.07119
1.08441
3.87736
4.75416
5.13873
2.03763
4.04625
4.5099
7.91073
9.17292
7.5464
4.73404
4.701
4.87175
4.49364
4.59818
15.2841
4.4698
1.2744
3.30548
5.31742
13.2065
8.99864
0.604064
5.20077
9.0683
0.688178
12.1848
4.75421
4.74834
3.61473
4.66705
4.05935
5.46737
0.769007
2.1628
4.67423
4.03279
4.94799
5.19958
14.7492
2.33793
4.63818
10.4393
5.39352
4.23737
5.42502
15.4663
0.23589
3.59888
5.54131
4.72756
5.6599
3.09243
4.31721
4.52828
5.32436
0.407482
4.60856
10.2771
4.69631
4.88719
1.23694
2.28598
4.8178
4.05891
5.10026
11.0889
3.69289
19.8659
2.76688
7.90887
2.79379
3.7865
4.74548
5.79103
0.943752
6.22994
5.64306
5.89302
2.64781
1.2065
6.21432
1.65162
5.28868
5.19515
4.84658
4.46184
9.18441
2.68066
5.13693
4.40098
5.78828
4.93827
14.6181
5.24622
13.6223
1.28849
4.69801
0.254316
4.09833
4.25995
5.25719
4.75298
19.449
4.81765
1.28124
0.23471
5.28367
4.50824
4.8282
5.45314
0.820717
5.71636
4.17925
0.0407681
1.32314
5.31272
2.22018
1.01243
4.40489
5.44776
4.87935
5.388
5.86057
0.0109867
5.75395
4.35215
5.07478
4.69888
4.71359
3.68471
4.63012
3.86366
4.64752
8.22839
5.14466
4.9927
8.30427
5.58606
2.80067
4.95049
5.29196
0.0298683
2.35461
5.23668
5.47809
4.93012
5.42028
5.06398
4.75303
6.1525
0.668523
5.45371
4.97683
1.23145
4.70187
5.60739
26.7073
3.63707
3.81948
4.67495
5.48553
11.3871
9.43353
4.45461
4.71169
4.80914
5.07944
4.40142
2.93392
7.61239
6.22041
0.268437
2.21894
5.59025
5.58252
4.79638
1.27272
5.02037
4.33511
4.89295
0.656273
2.54502
2.37418
4.40088
2.7697
1.38493
1.65401
4.93092
5.00874
4.71623
0.827339
4.80772
7.05791
9.67383
2.00004
4.18174
4.93287
4.37822
5.65549
3.13197
5.60417
13.0524
5.30669
2.22106
4.20696
5.08845
4.34248
4.3973
2.07912
5.51867
5.5473
15.3029
1.53208
1.60111
7.36472
4.29739
4.26986
5.69117
5.59144
0.544285
5.85455
5.0412
0.185654
0.727339
4.99755
0.0704369
5.23035
4.79893
7.91142
1.89127
1.11682
0.170101
4.64738
5.60193
1.99705
4.89053
0.281742
0.628759
5.19844
2.87013
4.57997
1.83217
0.719471
9.25761
2.63532
4.62462
0.887063
5.02363
0.81045
5.09172
1.49641
4.68662
4.91595
14.8074
4.09745
5.15983
2.32758
13.9119
3.33434
5.84272
1.09635
28.0141
4.56394
5.23208
4.95597
1.6212
5.69208
0.470944
5.82839
4.48522
5.06668
5.48667
4.89501
4.41555
5.0105
4.09094
10.0727
1.05332
4.82874
4.23624
13.9099
1.37137
4.95683
5.84162
4.56158
3.25217
5.55248
4.92957
2.13428
1.22246
4.8832
4.7886
5.01718
10.5113
5.46905
6.10831
6.11528
4.36263
2.03243
6.15836
16.8472
0.478078
5.56349
3.1535
5.43512
5.28224
4.76127
2.68787
1.08938
14.7934
5.3263
4.58442
4.88123
5.38413
5.05416
4.89342
1.06127
1.32671
5.3851
5.37646
4.4372
0.686262
4.70021
4.88895
0.216347
5.25649
4.14766
5.90461
17.0266
4.77874
4.8331
4.81462
10.996
5.35023
6.33601
1.49266
10.6983
3.41567
11.2434
4.87792
0.999143
4.76938
1.23971
0.822699
4.66707
5.6718
2.42129
3.31989
5.68419
4.84851
7.61021
6.79842
5.12617
5.21242
4.44507
4.69687
4.99594
4.85436
13.4184
4.32944
5.61559
5.21282
3.79138
0.596342
2.63305
5.60478
0.747341
3.98812
3.79001
2.05884
5.61862
14.768
5.59117
1.66581
6.07867
5.30171
0.0289741
4.34875
5.81931
0.205894
2.10422
4.82126
5.37715
7.86816
8.97599
5.28581
2.73717
4.50037
5.11552
1.51454
5.31855
1.10508
4.99462
3.84484
3.13296
4.56438
5.2692
4.9773
5.26595
5.03252
5.12835
0.404353
4.63434
5.65664
5.04035
7.37669
1.24848
2.07256
11.1839
9.04448
0.992442
3.79164
0.153423
11.8592
6.19683
4.2352
2.70802
17.3056
2.895
4.97854
0.696171
8.73722
4.5827
4.7401
5.12278
3.22244
4.57684
4.9563
1.22564
5.14556
0.297887
4.21127
23.1626
2.18815
0.329198
4.46103
0.681859
4.95819
0.466026
10.8161
5.22258
5.21183
4.96601
5.0911
5.08823
4.89689
1.66139
4.26415
5.85683
0.812045
6.02627
8.13777
5.04149
4.40787
5.0762
12.4872
3.42801
4.93427
1.13852
10.1608
5.07663
6.02138
6.56697
0.979552
6.18482
4.38242
2.36917
2.55278
4.8026
4.56682
11.8119
2.01447
2.57976
5.39334
5.11389
0.0671418
4.36339
6.38613
5.18158
0.0998151
4.59355
5.43775
4.73433
4.57053
4.84799
7.40884
5.16791
4.32122
1.76864
5.71156
3.06627
8.90737
4.9488
5.61314
4.6961
5.53103
4.46213
4.01368
8.98488
0.745886
2.82147
4.92674
5.15342
4.98117
0.661388
1.76978
0.55598
12.4637
3.98307
7.89589
5.25476
4.7843
5.01845
4.93978
14.0546
15.3195
4.41086
5.01782
1.02567
3.77274
3.21421
4.73543
0.965522
5.29369
4.33923
8.40475
3.4162
3.78287
1.88766
5.91089
4.47393
4.59523
6.96272
5.15991
3.219
7.40519
3.22032
4.47229
2.02912
0.142269
5.60563
5.24644
1.39665
0.846121
1.25737
5.19463
6.21011
5.37702
6.91806
0.650005
9.3803
1.76651
0.582494
5.10921
5.06217
2.24219
3.20155
5.72119
18.8833
4.58095
2.88449
4.96586
4.59045
4.82709
4.40761
2.07674
4.15549
3.22089
5.15977
4.11691
0.208396
6.02831
3.76669
3.25049
5.45603
14.826
4.06946
6.91946
7.80159
1.26944
4.65203
5.37456
5.44358
0.964196
9.40592
23.6305
4.27735
4.94804
0.832984
5.80178
5.0057
0.217636
9.83459
5.63887
5.37401
2.81514
0.627838
4.52484
5.22711
4.18563
0.470702
0.252799
5.05005
5.35764
10.7443
3.73389
4.88093
5.77795
4.89177
5.73257
4.84926
0.255623
2.74866
4.93404
4.07122
5.06157
4.5741
5.05787
6.06862
2.83735
5.06769
0.0641436
8.86678
5.22303
5.55725
6.455
4.89722
4.98332
3.47092
5.39035
3.23428
4.50268
5.31817
4.70465
5.82237
0.382949
4.61613
5.07879
4.97899
4.93715
3.93761
11.6334
4.64529
5.00151
4.62893
4.40739
13.8035
5.75038
23.6391
7.3594
4.64814
6.6763
1.93535
2.86821
5.45787
19.0391
5.25448
1.96199
5.58826
5.04807
9.42065
5.60997
4.88676
2.24281
3.78958
2.1606
10.3183
6.72064
5.60345
17.9167
4.89505
5.52646
5.26682
4.79751
22.7664
4.37646
4.52605
0.757036
0.0577046
6.41131
1.36889
9.72639
5.93581
5.36095
5.09537
5.85393
5.27795
3.33101
5.32652
3.69218
4.66606
5.03684
5.34815
1.68213
4.76699
5.14369
2.50964
5.75457
2.11355
6.107
1.44
4.74218
4.66605
4.89818
4.6655
18.2018
9.43567
4.80187
5.35089
1.4748
4.71902
3.78644
5.34854
5.28972
1.84685
5.19856
2.06958
10.0738
5.4698
1.25609
3.41711
1.49642
5.04373
0.17327
1.98868
5.10365
5.4176
5.14314
2.84204
4.48571
0.014339
4.47473
3.72475
4.83837
5.37881
6.56819
4.64607
5.17406
0.22269
5.18495
4.46172
4.08251
4.97141
5.84099
4.87867
4.99516
1.51065
3.89139
5.69802
4.70265
0.370729
3.74337
4.7478
5.01452
0.634111
0.281614
3.89241
4.5187
5.96911
5.02633
4.40497
5.4873
10.423
0.7394
1.86248
5.51316
4.5582
5.55157
5.84596
4.95513
3.66017
4.61888
19.4919
5.44796
7.75728
4.76117
5.55786
5.16693
3.02446
2.14061
4.73137
1.61189
7.01956
2.4483
4.56668
5.31383
4.54372
5.48037
5.07949
1.12453
5.69319
4.53013
0.652107
5.16732
6.90894
3.94035
5.23861
5.30357
3.79723
4.51313
4.95994
2.79158
0.39174
15.1051
5.12454
4.66871
4.41923
5.20623
4.58199
5.28688
5.07608
5.90449
2.65315
3.71148
4.58699
5.2541
0.000107212
1.44748
10.7553
6.14525
3.95059
5.49754
5.17721
4.58569
4.53832
1.07351
5.30878
4.67308
2.85373
5.16222
2.08312
4.6187
5.13296
0.154903
5.3793
4.39867
1.49064
10.28
4.50414
4.94199
2.40408
5.7003
2.78192
6.56413
0.176133
4.91259
10.1691
5.63701
4.81808
4.78063
2.03514
5.13643
0.8461
3.62162
4.22964
5.88349
0.40935
4.82014
5.5094
4.89593
4.91171
5.05279
3.64556
6.3314
0.0271521
6.17342
4.95539
4.83024
5.76538
0.379065
5.34278
4.02199
4.43978
5.1385
4.96813
5.33809
4.90428
10.7059
9.67622
6.0233
5.28712
4.73214
4.66047
8.41907
9.26753
5.97208
5.57169
2.72369
4.47149
4.63995
10.0145
4.96731
5.36001
5.18208
11.5413
4.94253
4.78468
2.79542
4.58815
14.7756
5.75078
4.34921
4.73353
5.74341
4.69176
4.33104
2.20738
5.79711
4.92552
7.14226
3.7369
5.57009
26.413
5.12573
4.73628
19.3169
4.07791
1.52348
21.3975
10.0373
5.48924
5.19463
5.52398
5.00404
5.84987
19.1413
4.38922
10.7602
4.71639
1.63498
1.12783
1.26243
3.8672
4.37808
5.34076
4.27859
1.59911
5.56335
4.3551
0.159954
5.96603
7.54425
4.70234
5.3441
4.55198
5.50504
5.41749
0.0294169
1.70269
2.1396
5.11569
14.3242
4.92556
4.92737
5.14015
5.35753
2.11417
7.03897
4.36915
8.594
5.18667
4.79851
2.39363
9.2206
11.1318
1.09593
0.568783
4.5055
21.6016
2.14031
1.67751
5.57107
5.01398
3.41514
4.63834
0.628444
3.80084
7.3986
0.581187
2.11133
4.3887
5.84014
5.34709
4.10306
5.10576
5.27946
7.1035
4.6129
5.55922
1.28469
15.917
4.57579
17.569
1.98519
16.3635
5.64469
4.92169
2.78153
2.35677
4.4132
5.16241
6.6659
4.32904
4.29294
5.62883
4.96075
0.517334
4.63041
0.0269778
1.69541
1.02415
0.015341
5.57287
4.43416
4.9939
5.48644
6.30021
2.88033
2.43315
19.345
3.62434
6.15785
5.00035
12.5993
4.42153
7.61567
2.65683
4.82439
1.71794
4.86342
12.3735
0.668244
2.16001
4.72518
1.69465
4.54011
6.62301
5.03371
1.62514
1.13884
11.7959
5.24099
5.28481
4.27401
0.907126
0.477627
9.27746
8.16046
5.14525
4.69058
4.68412
4.42855
6.96811
5.24647
5.24012
9.99028
5.05606
1.40284
5.05617
5.56437
0.565505
2.86447
4.82903
0.689334
5.22324
4.54839
4.51353
5.59691
1.71589
4.27964
10.0139
4.56425
5.01929
5.88005
5.04688
20.8452
4.28125
4.50909
3.45258
6.32368
4.3257
3.85935
5.87991
5.18311
5.73507
5.72144
1.50074
4.84872
5.37885
2.42329
5.01696
20.7138
4.30496
4.35038
4.97241
9.06364
4.80604
1.8545
1.94269
0.875496
5.20587
4.91696
6.11613
8.62558
4.80543
5.07245
9.63408
1.44746
18.4633
10.1903
0.916289
4.49011
5.50027
4.98077
4.66957
5.16191
9.89874
2.6908
1.04132
1.71113
4.66309
4.37562
7.45887
8.39093
10.4296
4.61116
5.35139
5.29201
4.83665
1.96763
3.95114
18.2719
5.01118
5.35872
8.02547
5.01458
3.27383
11.3911
4.85354
3.67016
5.18102
6.08336
4.98773
5.28214
3.4321
8.21499
5.05949
5.45775
5.22646
5.4279
4.5597
8.54604
6.45297
4.34424
5.7505
3.61026
4.59044
14.4248
4.98552
5.1482
0.979403
16.8018
4.51102
3.1455
4.77132
2.13828
0.564878
0.995865
16.1808
5.00826
0.372881
10.9441
5.15951
4.6354
1.61218
0.267987
9.3929
5.07828
4.37397
0.941474
5.77178
11.3686
3.02758
1.10575
1.83708
4.50277
5.34036
5.44224
5.00647
7.70558
3.44262
5.31997
5.03168
4.08364
6.96268
4.6178
1.47049
4.25828
4.93805
5.20206
4.41988
4.9432
0.120219
0.939915
1.28806
13.0018
4.39076
3.66807
3.44258
5.1906
5.60701
0.477059
5.85709
5.47875
0.793464
4.5956
1.87773
10.6522
5.89426
5.38197
4.54598
4.64955
4.88548
4.80981
4.39006
8.46501
1.67407
4.21775
4.51669
0.279155
4.24846
5.25084
5.75897
4.37543
6.00184
11.0584
4.22684
5.51948
1.4899
2.72424
4.64363
5.00121
4.05223
9.06948
6.14689
5.30047
4.82285
4.54347
8.48471
0.493859
5.22823
4.18343
4.95947
2.29729
4.73504
5.66283
5.80882
6.03484
4.73883
2.77104
2.42805
4.25074
5.56765
1.52289
3.44269
4.79751
4.38219
3.70446
2.19558
3.00349
4.91248
5.76186
2.50914
4.79118
8.63942
7.55353
3.20748
5.07302
4.8723
4.36239
8.40968
4.7447
5.55072
4.08307
5.2413
0.378131
2.67246
7.37978
4.79263
5.63498
5.51022
4.70618
12.5336
9.32732
5.13649
3.70298
4.81174
0.876653
0.668239
3.03873
4.60743
3.40824
4.81944
4.63911
4.23704
0.30133
3.77465
4.63011
3.99398
5.08556
4.4371
1.25189
7.86537
4.32249
1.93683
10.6754
6.61867
0.251549
4.49066
5.98626
1.21493
5.83347
6.24668
4.39935
4.49253
2.45683
0.0704074
5.13629
4.75119
5.63955
1.42461
23.6708
1.92228
4.06381
4.08258
2.13361
5.40627
1.98659
5.06402
8.88896
0.937115
0.242373
5.7049
5.00586
5.17659
5.07998
6.82387
6.35076
3.60204
4.97362
0.598373
4.6815
9.2689
4.63711
4.12144
3.11242
2.88111
5.57437
2.2369
0.954623
0.0285682
5.57893
5.8657
5.40976
5.70041
2.6843
1.41691
0.700215
4.10426
4.97601
5.57377
1.3751
5.26295
6.18276
4.05108
19.4076
5.92784
4.58737
3.98599
5.77092
4.97356
4.69007
5.53214
5.40851
0.61995
1.39488
5.71097
5.80957
5.49274
5.24214
17.0535
3.40581
15.6227
8.17709
5.54669
4.2964
4.57922
4.67315
5.39511
6.53228
6.39103
0.70894
2.94624
0.375797
5.50868
0.745363
5.64655
1.90631
5.25414
1.08228
0.0662874
5.25708
3.11949
4.78347
3.13999
5.21322
4.9841
0.580131
2.07613
5.11878
5.23635
4.31731
5.55033
21.0707
5.67425
0.937029
0.400953
5.72458
4.95858
2.51719
0.392045
4.52532
5.3217
0.654281
4.5148
5.0979
5.42481
5.67046
0.844252
5.27123
4.95442
4.53756
3.74545
5.55546
0.634287
6.64618
2.88326
5.14739
2.46168
5.50937
3.04298
5.77414
4.98055
4.27561
5.21099
4.4645
4.98248
0.0912261
5.01447
16.9025
3.2175
5.93611
1.4072
4.16608
1.64828
5.53162
5.08693
4.38758
5.58698
3.83326
5.1206
4.98166
0.724832
5.08618
2.43386
5.73206
4.25779
4.81042
4.51264
1.67631
5.25343
4.82103
5.94673
5.19029
4.94075
7.21195
1.19553
4.27316
1.57942
4.30932
1.06652
1.4785
4.72601
7.68967
12.2145
4.40273
0.374313
6.24513
3.68318
5.57732
5.03869
4.45282
4.39748
11.6443
4.23784
4.56439
4.77582
0.901919
2.19507
4.8184
4.39069
4.93179
12.7484
4.58073
7.74252
8.34077
4.41293
5.099
5.21545
3.1097
4.93555
1.999
4.96371
0.284713
6.10282
1.80245
11.0505
6.28709
4.11564
3.56809
8.77416
4.69939
6.61849
2.28848
4.37724
4.05813
4.24635
4.4396
4.46873
4.60192
5.35708
0.0550315
0.174039
14.089
2.28331
8.21723
5.01021
4.60885
0.251921
5.54241
4.81567
6.00966
5.29618
5.34627
5.42488
0.316567
0.433937
0.570902
2.45101
5.75275
5.32988
5.46597
2.00072
4.53682
5.61342
2.73706
7.89586
0.269348
3.68017
0.0792485
6.36382
5.69538
4.26802
4.99638
1.24233
4.63716
0.838038
11.8173
5.04081
5.73636
4.92327
5.48717
4.30242
5.18848
0.409545
4.49369
5.45698
1.50278
3.95771
8.85401
4.45499
11.1615
5.20167
4.2538
4.85903
11.5474
3.6001
5.79802
5.75329
2.48336
3.75584
4.59928
5.27422
15.0716
5.61886
4.97358
5.45879
6.18309
4.48512
7.22716
0.275988
5.90217
5.11873
9.77734
8.83041
0.12414
11.4679
5.91006
5.45777
3.65615
5.47601
0.33588
0.0115197
2.2181
4.68728
4.57995
4.57337
4.53663
8.8456
0.597525
5.87353
5.73071
8.2322
24.1855
4.57123
4.37159
1.96307
3.44633
4.17435
5.57808
0.962539
2.70002
5.86188
3.48054
5.27194
4.53499
4.84945
8.72569
4.09205
6.56735
4.14711
4.43322
4.57018
4.98099
2.23598
4.67489
5.08249
3.7684
0.372413
4.76508
11.082
4.76368
0.628918
5.57084
6.08967
4.77485
0.444004
17.0521
4.43687
2.47083
10.9309
2.31975
0.394198
11.0346
4.67764
4.81089
4.81864
5.45766
4.2414
1.68513
6.11748
4.29602
1.47316
5.39973
4.80634
2.40094
7.78917
4.83805
6.69178
3.95685
4.50002
4.45689
4.60778
4.56787
1.1105
2.5256
4.9416
3.71632
10.9086
3.3673
4.64522
1.99162
8.12007
11.5147
1.68093
2.41351
3.9048
0.412726
11.0267
2.81543
4.56772
5.09658
5.51506
0.480603
3.33396
5.06405
8.30279
8.67847
4.77429
4.9468
0.171281
5.07542
0.66888
1.1805
4.8847
6.23223
4.70006
4.69587
5.50996
4.66719
2.40558
1.49978
4.47628
5.82367
2.38625
5.03713
5.18429
4.92753
5.51718
5.35532
1.18301
12.0759
3.55117
3.89038
5.76744
4.94417
5.73378
1.51373
4.78265
2.69871
1.52349
1.49923
4.99476
3.79478
5.11305
5.5908
5.25306
11.9874
5.42587
5.70755
5.33495
5.73415
4.79303
4.20759
2.19592
5.97345
0.314497
1.21125
4.72162
11.4446
0.506923
1.34479
4.83204
0.124682
2.55468
0.84548
3.89192
3.12804
5.68294
5.01908
13.7506
14.4292
5.43356
0.512297
3.33033
4.95345
3.06815
5.04892
7.54474
4.9353
4.87602
7.04661
0.0986115
4.53291
4.85814
4.75807
2.45309
5.08684
4.83149
4.59051
5.33753
5.2546
4.14253
10.0842
5.53097
0.0357447
5.71013
4.96128
10.8933
3.97721
5.00301
4.31751
9.2625
4.79018
4.94657
5.40353
4.7732
0.989902
5.2585
5.45369
5.16772
6.08694
4.56935
4.62319
5.68043
5.46962
2.60468
4.26051
8.87887
8.66118
5.68591
4.57621
5.32617
5.08534
5.23962
4.66436
0.0916088
10.3698
4.97995
7.61545
13.067
0.35461
5.38327
10.1314
4.67838
4.57517
5.37393
7.38206
5.28978
17.8093
5.19255
7.12382
5.55993
4.64199
5.06752
5.37618
5.16324
4.05638
4.56248
6.98611
1.54554
2.35222
7.8941
5.10779
5.08681
1.68835
0.244766
4.72362
5.24307
4.44017
5.39656
5.06002
6.06842
1.34483
4.83379
4.74045
2.47119
2.77979
4.99585
5.18195
4.80964
2.42692
5.06372
5.12686
5.10554
2.26855
5.19623
3.02137
5.2799
5.48818
4.75616
5.07334
4.76534
16.9754
5.09445
0.144861
4.18071
3.60203
5.56974
5.29092
4.51098
4.63348
6.10612
8.14855
1.65159
5.82781
5.0033
22.139
5.43821
2.14514
6.56469
4.42585
10.6797
4.82866
0.607394
4.44567
5.32413
5.76313
1.67251
4.18118
0.290159
5.26339
4.57882
2.84984
4.701
6.23891
0.617066
1.15128
5.06288
5.24726
5.46
1.64257
4.12768
4.87361
3.93329
6.78932
4.45522
4.86438
0.516446
5.22054
4.63593
5.78723
0.108053
4.46383
1.60263
6.66633
4.39214
3.62832
5.16872
3.25039
2.88958
1.38109
5.09913
0.922794
5.87382
4.85169
5.68024
0.93798
18.2045
5.28552
4.98864
0.208437
4.62583
5.73871
5.27148
4.17155
5.9644
1.80326
0.901814
5.19583
4.75618
4.48739
4.89279
4.48804
5.76501
4.82037
6.14568
5.5363
4.482
10.308
0.036447
5.10269
5.52013
2.30723
5.06999
5.19679
4.24818
1.99712
4.53351
11.4903
2.39196
8.58079
9.46739
4.63333
5.02653
5.94195
19.5891
5.00405
6.34029
3.20404
9.74577
4.67553
4.98221
1.68028
1.6421
5.70842
5.42055
3.55723
1.27201
5.26105
21.7838
4.53806
4.95629
1.46969
6.90991
4.71755
22.1413
4.3671
1.69414
5.60277
4.34998
4.72584
0.616245
5.85691
5.11459
5.5628
18.0124
3.87332
3.77525
5.04431
0.970391
4.96809
5.17461
4.47451
2.09556
4.22718
4.9212
3.6198
4.93887
3.87544
5.0719
6.2038
7.28984
5.11576
6.30835
6.1523
0.744986
5.2033
13.7756
0.612764
4.602
5.29088
6.04605
4.83425
5.3811
5.46392
4.47451
0.160479
5.28883
4.24292
4.83362
12.9251
5.84501
5.59645
9.11687
15.3978
6.6217
6.20509
1.8287
4.54442
9.11254
6.48259
4.02299
6.65806
4.17252
2.65285
0.629395
4.76662
18.8836
3.37764
1.59048
0.0445249
0.747729
5.13932
1.35891
5.66159
10.0847
0.267931
4.63995
3.04089
4.71242
3.50637
6.01266
4.56284
5.335
4.81546
0.886154
1.56603
0.321339
4.74231
5.21761
4.81873
5.13803
4.23027
3.92347
5.12704
13.061
5.50925
5.58651
4.41232
4.34061
4.24368
4.98028
5.67823
6.52228
5.41297
5.59464
5.7805
4.93806
4.62759
4.03829
5.41209
2.22655
4.80834
0.203285
4.7973
5.39925
3.09037
4.52765
4.77209
5.79061
9.269
5.5602
4.51005
5.54843
1.42169
5.03133
3.74943
5.17202
4.84216
12.3063
5.69005
5.10275
4.96828
4.87309
5.45346
4.41518
4.79257
0.65115
2.63397
0.10939
5.09618
9.31789
7.28896
2.49827
7.56397
4.61489
5.74082
4.45972
0.49101
4.36986
5.09031
10.7626
2.90096
5.44714
1.65847
4.03308
2.2287
1.14045
8.63746
4.84493
1.38849
1.46169
2.2467
4.92699
1.42854
5.12479
5.47757
3.39052
5.68408
4.51488
4.64981
0.112913
4.66151
4.29507
13.0284
6.76994
5.80542
0.555862
7.32638
6.12305
4.12352
4.92345
15.5899
5.23764
5.49552
4.51809
4.72119
1.2108
10.4849
4.9873
4.42021
13.0535
1.16292
0.964653
3.90163
5.71001
7.74617
4.89063
4.93086
5.52346
5.44283
4.81746
5.72856
2.83341
0.911515
2.5353
6.25423
5.32711
5.40374
5.35075
5.77761
4.56047
5.03362
10.9001
7.903
1.98368
2.02338
3.17605
0.776538
5.59173
1.2563
5.57167
1.55008
5.40256
6.90292
4.96991
5.08507
4.96948
0.729821
4.85426
5.6769
5.80046
4.63245
1.70453
4.73063
3.94083
4.99727
4.91607
4.96316
0.931296
5.1479
12.9671
5.12659
5.06705
11.5401
4.48258
4.8854
5.13815
5.26298
4.94286
4.969
4.31971
1.60518
4.98805
8.23542
4.80169
4.85395
4.99469
4.24194
4.807
6.39121
5.88321
2.36154
3.78148
5.21948
4.49133
0.357601
2.38082
4.69652
4.5828
0.362133
11.4052
4.22552
11.3714
5.5953
5.44915
5.56097
2.63707
5.3096
5.46974
9.17039
5.28463
6.4327
0.51416
5.05297
5.01341
5.14724
4.36297
0.299801
5.32728
0.152717
27.1938
22.4937
6.25275
1.63725
5.71042
4.03797
0.152262
5.11685
5.55218
5.08259
5.02752
4.42833
1.49066
5.1319
4.99866
15.7208
4.84744
3.20543
4.72514
4.8667
6.30005
4.98474
8.82038
0.942398
3.66529
1.65216
12.8549
1.88634
13.1422
0.581608
4.98382
4.33311
5.42577
4.0921
2.64534
3.08406
4.36971
14.7479
0.426985
4.83051
5.25161
7.24105
5.52319
4.57548
3.16806
4.10146
3.66916
5.27711
6.12263
5.35894
5.5014
4.34942
3.45811
6.96735
5.36488
5.98004
5.37282
1.27399
4.63452
0.870427
5.07827
13.9896
16.7255
4.44626
2.40235
5.87705
1.96453
5.60334
5.46849
2.65299
9.6808
0.0753814
4.68504
8.66199
3.72645
5.32749
4.83714
3.39722
3.87032
0.226477
7.3641
5.6484
6.74995
8.17806
0.870627
0.82152
4.87567
11.3364
6.75134
6.80117
5.75524
0.12776
10.5997
4.89792
14.4124
6.51694
11.705
3.17921
5.93805
2.88933
6.1807
4.24935
8.21022
5.46879
4.54047
3.96545
11.2926
3.10446
7.08103
0.876465
5.04372
0.18033
5.32382
5.94336
5.28371
5.06646
5.19395
2.27063
20.7125
4.65771
5.31114
4.35825
4.19884
0.905816
17.2405
6.38518
16.8459
1.08095
4.775
1.23782
4.70423
4.02105
4.60723
7.00781
4.79208
2.35444
6.1724
4.44077
5.66484
5.46102
5.27581
4.67417
6.19994
6.24024
1.59837
0.495875
4.3322
4.896
12.2282
9.91938
1.25844
5.66379
1.71601
3.16402
1.76169
0.411674
4.39836
3.20411
4.9767
5.00509
5.05063
4.6911
5.02792
5.10944
0.206948
1.38988
5.16555
4.41805
6.36659
5.07433
9.10147
0.138668
1.74541
5.09343
5.58621
0.206773
5.05446
8.27256
1.24169
5.21207
4.48069
3.27962
2.61699
5.49688
5.11882
1.15668
5.45142
5.163
4.54878
3.64915
8.48222
5.60233
4.2045
5.49523
4.41112
4.70811
4.66859
5.23196
4.78754
4.81529
5.18461
12.8627
5.3581
5.51732
4.78087
1.13501
4.06617
5.07739
5.00296
1.89726
5.15419
4.82431
4.15245
0.821777
4.57844
4.13227
9.61222
1.39389
5.08312
10.1536
15.5038
4.78468
10.2724
5.89763
1.58408
5.12105
2.29942
5.50338
0.194396
4.43989
2.76312
4.92183
4.8029
4.54772
0.211068
0.515329
14.7166
0.744142
5.46021
4.65911
5.00089
4.88146
4.8618
5.19742
5.00555
4.7609
5.78629
5.29569
22.59
5.0353
13.1892
4.882
0.462338
4.08366
5.76272
4.95246
5.00524
1.0289
1.71336
4.91832
4.91665
11.2739
4.83144
9.73217
4.31518
0.0353944
1.47847
3.77796
4.56
8.92988
2.78884
0.928723
4.42985
5.02364
1.29807
5.6934
6.08421
4.71976
5.49538
2.81025
2.65322
4.05945
4.71205
4.85642
13.2501
4.44283
25.4498
6.15372
0.030104
4.03191
0.108602
5.75861
5.90768
4.59418
3.99247
8.5138
3.70157
4.84843
1.69939
19.2504
4.61203
11.9985
2.80448
4.36375
5.37825
3.98855
4.19301
5.20291
16.5861
5.92419
5.43331
5.11543
5.00569
1.29468
5.58335
2.60918
4.26797
7.49297
3.88183
5.85131
0.484358
5.52731
14.0001
4.65981
4.6859
4.73564
1.18482
4.41747
5.24252
5.199
1.44249
4.50452
9.29802
4.97283
5.05638
5.61561
6.22812
4.2639
4.76987
17.9409
4.55173
5.87808
0.814791
6.79063
0.491717
4.02944
4.9639
4.98458
4.90469
9.32407
6.69339
4.88599
5.05812
9.19226
3.03987
0.513528
1.38571
0.144126
8.07645
4.12687
2.87752
5.99288
5.02587
2.06349
4.59574
5.08555
4.95641
8.21966
5.17884
5.08937
5.39575
5.28645
5.38105
1.13381
2.88397
4.34976
0.381236
10.5663
5.0454
9.86829
4.54388
5.88745
5.29212
5.54746
7.98659
8.70734
7.24762
10.1942
6.27747
0.738671
4.2494
12.0832
5.58979
7.86958
9.82856
13.0613
4.1507
0.424955
4.73823
13.8257
2.42292
9.83184
5.01569
4.35409
5.36466
4.37631
7.10314
18.5082
4.64578
5.34564
4.58013
5.06343
5.60188
20.1937
5.34262
4.9194
1.17227
1.77208
2.55308
4.89307
3.81646
0.919479
3.42601
4.07508
5.31972
5.01559
11.7384
5.46474
0.591668
7.31128
5.05017
5.07547
5.45206
1.42275
4.51189
0.0231395
5.16573
4.09677
2.35961
4.54817
0.304668
5.08349
13.5423
0.1133
13.7621
4.37988
5.05326
5.56343
2.1314
4.78654
14.8724
3.98414
5.12764
5.04949
4.5934
9.56472
0.60369
5.96639
4.23783
2.41464
4.96235
4.38217
4.06266
3.90039
5.03881
4.47198
6.65849
4.99893
5.58971
3.87589
6.45472
10.389
5.36632
5.46049
9.37399
5.5078
5.09722
4.42759
5.07693
6.92857
0.889091
4.74021
2.08188
8.62503
4.90581
6.41388
10.9743
5.517
18.9635
3.92733
0.439661
5.16054
5.74278
1.50458
4.00721
4.59057
4.36474
2.2671
3.79944
4.54134
1.45645
0.789063
5.82472
1.73719
5.16034
4.32657
0.60163
9.93916
4.85435
5.41439
4.98079
4.97443
4.66222
0.592098
6.28935
4.35297
4.87488
3.52763
10.6158
5.91626
1.0917
2.91202
10.3121
4.83928
7.37415
9.26655
4.14515
4.57045
4.41958
5.72314
5.47542
17.0761
5.13765
6.14497
4.62802
4.86338
4.30303
4.29997
1.68361
4.86509
5.03642
1.64922
4.6471
0.469677
2.46588
4.21807
2.77021
4.80945
5.11407
4.40713
5.55646
4.66171
3.85044
1.59772
0.0120697
5.28735
9.8512
4.80544
1.92519
5.82205
29.1899
5.43266
0.336628
5.14724
5.42121
5.06693
0.767708
2.43912
4.61942
7.25189
1.44373
5.46031
1.08863
2.85276
8.00912
5.17821
5.86796
0.594833
15.1621
0.670583
15.0265
4.67972
8.82113
4.5417
5.01806
5.25007
6.61538
4.37904
4.79503
3.28638
4.9801
0.896003
1.32899
1.42388
4.92389
23.0749
2.50792
5.92708
0.935425
5.46443
9.18487
6.69382
5.19509
0.517449
1.92618
5.62098
4.76054
3.89341
4.78121
15.741
4.97021
10.4275
5.73764
4.53956
3.16503
5.69229
5.74597
5.19797
4.97034
7.32941
4.35135
1.85543
0.962267
2.97541
5.81736
4.62087
5.82333
2.21398
8.42478
5.38241
8.26772
4.6481
9.06887
4.37912
5.24563
4.68528
4.84046
1.49941
16.2752
5.33291
2.58477
6.13143
5.07123
5.11384
5.70451
5.27724
7.06173
15.1773
3.5068
4.06392
4.64894
5.92059
2.06404
4.36549
4.46658
27.8165
4.01417
0.284535
4.47955
1.94342
12.8322
0.261908
4.97876
5.73028
5.12307
0.0104142
5.46892
0.788082
5.65112
5.13476
5.35844
7.49648
4.58263
5.48089
1.63619
5.4463
1.47846
5.80567
7.25259
5.84761
0.557784
4.79565
5.00842
4.95004
0.438706
5.21123
4.28922
5.25118
4.81493
4.3352
4.7094
3.15824
2.81078
1.12398
4.66359
0.138202
4.96919
4.92567
0.532545
10.8079
5.38131
4.76273
13.3168
1.20081
2.55157
4.34347
3.89646
4.40669
5.64825
4.92239
4.58189
6.0335
6.07136
5.58903
5.05676
1.44917
5.31654
6.22357
4.73276
4.88065
3.7895
0.793146
24.1139
4.34507
1.85526
2.0731
5.48806
5.40933
5.32707
3.97535
5.38367
2.34573
6.06219
4.14979
4.1749
5.80012
4.94815
0.828106
4.32865
3.74364
5.03055
4.85054
4.66093
4.96487
4.86793
4.51281
0.988388
4.79615
4.81723
1.84969
5.15838
1.61807
3.81107
0.797538
2.59907
6.58528
4.744
5.46319
4.74949
9.42559
4.08463
4.9688
8.84083
4.75209
6.41857
5.5812
4.71755
4.75903
6.13344
5.26495
5.05341
1.34752
0.832401
2.70402
4.96624
5.14366
5.19335
4.83259
5.19712
4.3861
8.51084
5.4648
2.21119
4.22093
0.332819
0.8538
0.112309
2.672
3.61155
3.56092
2.05871
5.61905
3.92155
0.01882
4.72202
8.68286
5.37673
0.772815
1.54548
5.01617
4.11802
0.150541
1.18564
0.528628
4.95984
5.28664
2.6465
4.47689
10.065
9.07577
0.523007
5.01012
9.54105
5.16685
5.00089
13.0138
5.11261
0.936988
0.064169
10.1069
0.387038
4.57911
4.86328
5.63351
10.4236
4.36797
5.67192
1.6741
1.58597
4.78467
3.74015
0.848726
5.61031
5.0222
12.6409
4.52617
4.61252
0.963055
5.91237
4.94539
0.320933
1.52491
1.76594
4.60627
3.45236
4.49552
2.21078
1.23181
1.77904
5.83469
1.23683
2.06042
5.37989
4.42714
5.05819
5.61443
7.91029
5.02105
8.08445
4.50082
4.4679
5.15828
5.24382
24.7428
5.2074
5.04702
5.32161
5.60117
5.25083
4.7632
4.92516
5.05885
5.02014
5.16985
18.1783
4.51541
8.49147
16.1051
4.76391
4.71695
1.18426
9.18964
4.62098
1.32795
0.214781
6.39452
5.06707
5.50499
4.80459
0.0865046
6.00661
5.6025
3.07366
4.75361
4.93855
5.15462
2.67938
5.60413
5.20305
5.34117
4.24673
5.01103
4.48874
4.56432
5.27907
1.13653
4.56336
6.30654
5.26924
5.04937
5.09436
5.15638
5.66165
5.29792
4.14227
3.67326
5.27602
9.07551
4.91057
5.87378
1.0123
6.92395
5.8676
3.7022
4.03797
6.99219
5.07521
4.9538
5.36291
3.04157
5.2369
5.27165
5.27188
4.53749
10.8928
1.36778
5.6085
5.75808
1.25209
10.1698
4.85153
0.664092
0.897531
5.65518
2.21747
5.37988
4.5539
4.67768
2.45356
4.97921
4.57399
5.49816
3.46151
5.78487
4.72988
4.94318
5.46832
2.50299
7.6648
6.4724
4.37735
4.79542
5.56528
5.47139
1.82817
5.25228
13.8522
4.97117
5.28792
15.5839
1.2035
5.41468
0.317373
4.52256
0.250399
2.4354
8.69251
5.77286
5.33545
9.05429
0.93188
0.934393
4.90345
5.05489
4.92528
7.02144
3.4347
2.55432
1.61966
0.283467
5.49882
2.09551
21.375
5.67213
3.29271
5.32864
4.53451
4.2638
4.90221
4.59293
6.60979
11.9336
1.30578
4.79149
5.32534
1.56882
1.7786
5.49907
5.6457
5.37703
3.89394
0.580507
4.61788
5.09887
4.99684
5.20987
4.44286
3.82694
5.90095
2.79739
10.7901
19.7456
6.32315
4.52255
3.63933
3.29258
14.7183
4.68001
2.12947
1.89573
2.54601
5.97311
0.509756
5.24086
4.81482
0.179916
5.10377
6.64098
2.35549
0.849017
3.79722
2.12533
9.03095
0.00933172
5.84596
4.90721
8.49739
5.55301
3.6935
4.56958
11.5535
4.50775
3.32671
1.93341
5.33849
1.89012
6.92521
5.72218
4.51046
0.885485
5.16316
10.7451
0.817318
1.32603
4.76997
19.8039
7.05196
5.23578
5.62254
3.90258
4.42687
0.464127
9.41499
4.88167
6.43003
6.12136
5.56256
2.22335
5.10339
4.01548
4.55719
5.14132
1.09216
4.85373
5.41042
19.4959
4.67181
5.11724
2.55588
3.96828
7.63521
4.94177
5.64457
0.738274
6.6347
2.33175
4.77572
42.8138
3.81104
4.70846
5.03544
4.7372
2.25193
2.40718
4.86202
2.17211
4.95406
4.84571
4.5955
0.034582
6.51677
6.17187
6.30417
4.73295
6.02892
5.42135
6.35366
16.32
2.26069
4.61008
4.68816
26.7563
4.90761
5.00737
5.07287
5.73539
3.13614
5.22822
3.79339
5.11709
3.9856
0.668811
5.31535
1.29368
4.9503
4.70913
4.59328
8.28242
4.8912
0.532809
2.14883
2.92318
5.47858
4.77653
1.92668
22.9288
2.065
1.85151
6.00227
3.28126
5.0125
5.06025
4.04326
4.36578
4.56067
38.2621
4.19146
5.37873
4.9449
4.73892
28.1683
5.53571
2.48039
3.06971
1.07697
4.79239
21.3223
4.45211
4.90465
3.06037
13.7259
11.1402
10.6503
5.00625
6.84705
4.86879
4.95645
8.96104e-05
5.08956
5.73945
4.92818
1.79737
5.06551
5.53524
5.4222
4.21621
3.1155
4.92279
0.627279
1.81852
4.53968
12.2293
1.95225
5.64767
3.42943
5.13733
4.40116
5.94474
1.23173
4.97955
1.69591
4.43568
1.59647
5.36148
1.33486
1.59052
1.66853
4.9046
8.60654
5.02309
5.12651
2.22777
6.59652
4.71148
3.96595
5.26749
4.40865
4.66961
4.64187
16.5244
4.86918
4.50439
5.19037
4.99101
5.16794
4.84501
4.33505
4.05161
0.281
1.32553
4.53735
14.2771
1.03104
9.51299
3.80292
4.66004
5.0109
13.2108
13.4353
4.09978
4.92703
4.99577
7.3101
18.2988
4.58672
7.73513
4.91412
4.79012
21
4.70279
3.31765
2.29572
0.475329
0.206906
5.92836
0.194695
5.20048
3.28905
4.31837
4.42381
5.04879
5.35442
1.06595
19.4028
6.30082
0.386793
0.122936
5.3023
6.18547
5.18115
5.93833
13.017
21.6061
2.16514
4.62647
14.6365
10.9919
0.84253
1.81848
1.25206
5.5046
27.8775
0.0316521
4.51958
5.58966
4.53545
9.7019
4.36516
2.58518
5.41895
4.26473
6.10983
4.82615
7.04685
3.28437
5.05247
4.63305
4.79616
4.49865
5.16755
1.19912
8.49243
5.13697
1.40187
5.28533
4.9681
4.89913
5.60866
2.11693
5.65577
0.55079
6.97121
3.52206
5.31304
6.66122
4.76873
2.21487
0.840084
4.35635
9.90869
5.21689
1.95354
5.6761
4.3644
1.33651
1.29716
5.05761
5.23283
4.18633
5.68641
2.03891
5.46128
1.06505
4.77109
5.62187
11.1434
4.62016
1.46627
5.60871
3.35031
10.2991
21.7436
4.34095
6.45214
2.35954
4.98091
3.14789
5.03821
4.52175
3.55515
4.7824
12.1312
1.80503
5.91871
5.18137
3.32081
6.75724
2.10874
4.91639
4.90397
4.51578
4.51627
1.67334
3.34733
5.0822
14.7876
1.58372
5.00269
4.96081
4.79139
4.98524
5.40538
5.08191
4.52685
5.49128
4.99445
0.275612
4.71767
10.5266
2.24991
8.10025
7.74226
5.59007
6.65565
4.60912
0.346352
9.30764
5.51199
10.407
4.26673
5.28298
5.89459
8.09245
12.2562
5.27707
5.5942
4.78506
4.57905
4.82512
4.68839
0.16857
4.96348
4.68806
5.30427
2.45553
10.2932
5.11153
5.91158
6.72475
0.186126
4.64705
5.12357
2.16477
4.55326
9.14249
5.77245
4.78334
5.02066
4.17586
0.0264497
6.69609
5.2546
5.20149
4.41057
4.13993
4.96288
1.60937
4.92118
4.63976
2.77889
1.09904
1.68363
4.86471
7.77897
5.21029
5.24424
5.03243
0.221866
0.770336
0.494304
4.82339
5.46756
1.56338
5.81788
5.49852
5.34326
11.0416
7.8522
5.10373
5.16428
4.85513
2.03993
5.14441
5.6717
5.00149
8.16717
4.79863
4.24689
4.81633
1.10487
4.2437
4.89466
9.02766
10.5268
11.7775
5.4204
3.96285
4.91846
4.31936
6.03221
6.39861
1.8508
5.2719
4.38932
5.22243
5.03793
5.27621
1.10322
3.82567
5.44778
2.31377
5.07866
0.804085
0.711941
4.14963
2.39419
0.704335
5.62875
4.68633
4.5153
6.54976
15.5757
5.82462
3.22307
4.39599
3.2978
5.09543
0.147806
5.28341
5.22526
4.52082
5.04391
4.26898
5.44026
2.71157
0.249806
6.3331
3.04091
2.50058
2.51949
5.30407
8.15168
3.19445
5.49059
5.90012
11.9951
11.0184
0.164936
5.8457
5.61969
4.26734
5.31899
2.03439
1.65783
4.59104
10.7583
2.98774
5.08703
4.43576
5.43747
4.10215
2.48775
13.2092
4.95509
0.945472
5.66968
1.5511
0.715213
0.813656
1.82452
5.15446
18.6903
5.71003
3.32517
5.29128
5.4452
5.15047
5.74281
5.39947
3.92609
0.776889
4.69677
0.672371
2.51521
4.75614
1.46729
0.282503
0.495736
1.83919
1.37154
4.68956
1.98571
5.10675
4.96807
5.65421
6.21512
1.86176
6.41162
2.42418
5.83117
2.78891
4.19903
5.5863
11.5347
4.73915
7.55487
7.09688
5.2836
3.99755
0.590291
4.45151
6.30448
4.67232
5.83565
1.80754
5.24058
5.09578
5.52634
4.56531
0.429198
7.01484
0.00814655
12.0047
4.64503
4.27326
4.70445
5.02795
0.464301
4.97443
0.461755
4.95612
0.316791
2.80595
10.095
2.04123
5.75231
0.88086
1.40323
4.66102
4.71591
4.76112
1.88757
0.428811
5.2273
4.87726
5.15915
4.9952
6.9156
2.76649
0.453701
2.03314
4.8058
14.5765
13.5963
5.08714
4.88759
4.87783
2.75778
4.40637
0.604909
5.12402
5.52027
18.4982
4.7001
5.37191
3.14064
8.21848
5.59761
6.69526
4.39441
5.64335
5.50446
6.95317
3.41718
4.53214
1.68199
0.0264675
3.29731
1.85584
5.08341
0.717383
8.84963
14.7085
5.75739
4.106
5.37775
4.33146
6.55198
6.59748
4.611
0.437154
26.1621
4.15264
4.8101
4.46289
4.44406
4.18071
2.71793
1.79111
0.102241
4.65609
5.03656
0.77783
4.24364
2.16387
5.17992
2.3191
15.4556
5.82161
5.24984
4.70033
0.0437398
1.11002
0.253744
5.84621
7.40411
3.92433
3.97208
4.27436
5.38176
4.54611
5.46559
4.34524
2.5964
4.14981
4.03648
5.90657
4.38168
4.35554
5.49904
5.9571
0.73969
6.62165
3.10995
5.64786
4.214
4.60035
0.916773
3.65185
4.74771
2.58112
4.75055
1.38257
4.84821
5.01102
4.91491
3.65828
13.6277
12.0144
1.10385
4.59888
5.19964
4.89126
5.17785
3.08164
4.6822
0.652065
5.42846
4.98157
5.59639
28.5829
0.690001
4.88923
5.48782
5.04993
10.0609
5.04402
4.15468
1.71978
4.48362
8.65146
2.76622
5.23721
4.67437
5.13315
4.98177
5.66364
0.0833064
5.18053
5.30799
5.15831
1.93446
1.21318
1.46004
8.58966
1.44375
5.77444
1.06892
5.04813
4.57677
3.95262
5.08044
2.74483
0.588577
5.96027
17.2503
8.17605
4.21696
4.28287
14.5801
9.62138
1.82051
4.28196
2.95581
0.648406
5.52619
0.218502
15.1455
4.68217
5.12434
0.129173
0.546722
4.32368
4.9059
4.8154
0.493198
4.62393
5.34187
3.49981
4.40989
4.8234
2.73483
5.19965
1.1072
4.19426
4.97036
1.79621
4.31389
5.26179
1.79619
5.66428
0.133706
34.2825
4.84577
0.171446
1.69871
0.429916
3.74764
5.23193
5.72303
3.97709
5.22894
0.595987
4.9577
5.01181
4.91284
10.6748
5.07568
4.87838
4.78684
2.66807
0.589814
5.31057
1.41045
0.622284
5.47149
5.81621
4.43183
0.0181157
4.88254
4.92098
2.87947
4.60898
4.51693
5.15202
10.0634
4.6532
4.67264
0.38391
0.696146
5.56328
5.37042
5.23509
5.06368
5.40172
4.98365
4.11135
4.4209
4.13475
5.5882
4.97092
1.09897
3.40806
4.85746
3.10598
5.04596
5.31904
5.91588
1.56677
5.04491
5.26567
6.61952
7.97144
4.62282
4.65525
3.83807
6.58552
6.26231
4.96272
4.99046
5.53058
7.88294
6.24228
4.5976
5.53136
3.39741
16.5402
4.75065
3.48622
5.16583
5.14523
9.90931
46.7459
2.65109
3.95156
4.87508
5.24603
0.917628
4.81797
5.08267
9.54638
4.23362
4.38053
5.05484
5.60686
5.49223
4.25164
4.90303
5.00292
5.15782
6.3877
5.01009
1.15753
9.896
0.261619
4.71788
2.76123
0.789574
2.32224
6.58057
4.22048
11.6164
5.6806
6.36032
5.13958
0.0826015
4.59294
13.4542
7.95442
10.3745
12.2266
1.13028
4.31562
0.388805
2.21697
11.0131
0.630659
7.13037
5.96477
0.0836462
5.77989
4.35594
6.66467
5.12518
2.88091
2.11686
5.33354
4.99654
5.12307
0.76776
2.44641
4.42903
5.20262
5.10218
5.20262
3.91806
4.17281
2.21471
5.65431
5.2628
3.98609
5.51289
4.15737
5.36072
5.58614
5.95702
4.58275
4.37757
4.67746
12.5566
0.117909
4.7523
2.72553
4.11636
17.4803
4.18304
5.0019
8.93542
5.32184
3.98653
12.0558
5.93253
4.30719
4.8102
1.99631
2.48669
6.79481
5.31319
13.5389
5.24673
5.45759
5.08002
4.91378
4.32836
5.4128
6.79094
1.40565
5.73928
0.300764
5.94326
2.2695
4.80442
0.662165
1.57471
4.59334
1.49426
0.241277
5.14369
5.53908
4.53353
4.44099
7.82802
4.92662
5.33089
4.95569
7.44152
4.77323
4.29496
7.21243
8.0554
5.78954
5.60985
6.32211
1.33699
5.5713
5.26256
5.412
4.52192
13.0144
5.407
5.76516
0.584162
4.76912
5.55274
1.76379
0.397164
2.58434
2.77201
4.99081
3.11528
17.4311
5.34057
4.4525
15.7117
5.03244
1.39831
0.45281
1.77873
4.81767
4.53182
4.94403
4.86063
4.05435
0.103188
7.70304
4.63716
15.9314
5.41236
2.32556
16.3229
1.74188
12.9691
12.1011
5.47643
26.0032
5.10513
8.81029
1.19188
5.10258
1.42914
4.45668
8.10606
2.17681
3.9247
2.13137
5.10428
0.0933263
5.23446
16.6949
5.89135
15.1707
4.21303
4.39443
3.88788
4.71276
5.54729
5.4354
5.0523
2.79239
1.81936
7.07562
1.55573
1.8853
2.5919
5.6646
5.00275
2.33127
4.66185
5.13482
4.4461
4.52356
4.88205
3.96402
9.4902
13.575
5.31923
4.62362
4.96544
1.41488
3.65066
4.94541
1.60451
5.92444
4.85281
5.25119
5.07947
7.0484
5.07176
4.89288
5.25401
4.99621
5.75369
4.78231
3.44724
4.41829
5.46821
4.91591
4.9617
4.46841
4.57737
5.13477
5.39096
5.15655
4.51495
3.06693
5.52247
1.87564
4.54999
7.35817
5.12358
5.47252
4.44716
11.2719
5.09013
4.35127
4.3563
12.8837
1.10616
10.2734
9.73786
1.1003
6.0537
5.66605
2.00174
5.36337
4.22738
4.55105
3.32899
5.23224
2.8369
0.0425096
4.10821
4.68995
0.0743601
20.8111
4.31363
20.4006
5.09248
1.7729
13.6748
7.19553
6.12163
5.08907
4.57339
4.73145
9.96969
2.83106
4.94432
5.15912
5.51952
13.0311
5.24886
5.05273
5.8977
6.39805
4.60077
5.04633
3.22782
5.71691
4.62831
4.95739
4.84287
4.18144
8.8302
4.61493
3.78126
5.19212
5.3682
5.96044
5.64854
6.19319
11.3616
4.79438
1.57857
4.40398
10.1602
4.97345
4.91836
1.5061
5.21054
12.9213
3.28116
4.75566
16.7439
4.51081
4.8723
3.73288
3.97853
4.5928
4.388
4.75231
5.26432
12.688
4.29286
4.63822
4.88266
4.7552
4.62153
0.772215
5.30868
2.2025
4.30382
3.69093
14.4904
5.62288
4.39065
4.7637
1.04535
4.86546
4.50744
3.36499
1.18464
2.44997
4.1588
3.03765
4.34418
11.8798
5.41323
8.07756
10.071
5.33411
1.76111
5.82968
2.25835
3.13431
2.86723
5.53356
4.81831
5.45317
22.3581
5.76482
8.79299
0.790045
5.33581
0.794976
0.470882
5.00075
3.16043
5.31485
5.41197
3.00316
9.99072
5.28057
0.448756
14.645
5.08921
4.64043
4.54437
4.44899
5.3917
5.83866
2.05488
4.33479
0.044388
5.37802
7.52496
4.67201
5.41371
4.40346
2.93453
4.45945
4.15953
2.15375
3.33785
0.921404
5.35892
1.65805
5.98533
3.86685
5.35223
6.19885
4.69652
5.23742
5.12152
2.73422
4.71273
1.16929
5.05164
0.0195389
8.89473
0.803727
0.920224
5.08004
4.36411
5.19154
2.89526
2.80373
0.922357
4.66019
7.93215
5.6815
4.54257
0.569125
1.65734
4.79913
5.28826
4.94524
4.96792
5.13851
5.73525
1.61752
1.58018
3.99669
4.55291
0.797145
7.40796
5.57853
5.01787
3.96433
0.453533
4.60657
5.91397
0.802285
6.5812
1.31251
0.216833
5.91814
3.42441
4.60033
5.60323
5.17286
2.05914
5.79843
4.88623
4.89179
0.709596
2.14449
4.79552
4.26674
0.640814
9.18337
0.240367
4.13182
3.38605
6.81271
4.00523
11.1616
5.26052
4.92771
2.20725
6.40074
5.48491
8.67028
0.181772
5.23379
6.07413
5.24284
2.14928
5.30783
6.23824
2.61374
3.99405
9.1109
12.2323
5.29506
4.80688
2.78373
1.45965
5.66176
4.40178
5.11265
5.03598
4.96295
4.3391
4.78278
4.83356
4.44901
0.335802
8.15913
0.332306
19.5888
5.40694
4.20136
4.32754
5.64729
5.18665
1.83444
4.18357
4.88607
5.2209
6.57244
4.69649
6.95394
3.89457
1.82005
16.1477
5.2537
4.64577
3.25374
4.08317
4.54962
1.93276
8.76842
1.88943
2.09355
5.25013
4.75984
6.56084
2.92805
4.68665
2.7154
4.43729
0.561033
5.17186
5.51565
4.80306
4.69465
1.21533
5.06392
4.44899
4.43421
5.40068
4.93333
2.66153
5.00632
1.44255
5.44858
0.555628
6.14146
5.45247
13.5462
9.88013
4.32116
4.04133
5.62609
1.45605
5.0172
7.94115
5.0273
5.33443
5.14747
7.78283
4.66348
5.04947
2.89548
5.4543
7.87764
4.46231
4.87411
5.21116
5.25967
5.20014
1.96588
1.17156
4.29196
5.09327
1.56038
5.13416
2.48294
5.00697
5.36583
4.78637
4.47162
5.23746
15.4819
5.09492
8.26655
4.60784
5.34873
4.79874
5.70093
3.66552
5.03011
4.87515
1.2348
4.93824
5.7896
1.45191
4.90696
4.22473
3.96176
7.23555
5.54809
1.25017
11.645
4.52338
4.94289
4.14841
20.1977
36.4023
5.02423
5.7826
6.81938
5.2276
8.55273
4.47979
5.42136
5.63508
4.64841
5.07938
3.30989
7.68809
4.56801
4.96018
4.58467
4.71544
5.43618
9.09562
4.91002
4.74382
0.041644
5.67228
0.0425514
4.37657
3.69248
0.418746
4.61503
1.44676
24.212
4.97634
3.12254
4.15526
0.525814
1.18314
4.85908
2.38361
3.14917
4.85241
7.71935
5.12563
5.86107
5.26334
4.48059
5.4874
0.998535
2.05274
0.404812
4.82168
4.38964
4.28347
0.0823851
5.41498
5.50949
4.79682
0.232609
5.32002
2.13315
5.8313
5.71773
3.10495
8.70015
0.9809
10.8644
6.737
8.67025
5.46175
0.169216
7.19459
5.02282
7.23078
5.25414
5.18015
4.76594
2.11593
6.4503
4.23391
3.63255
2.51281
0.969949
4.7299
4.74688
1.41564
0.0164092
2.39495
8.45705
8.81019
4.74027
7.50038
4.99637
5.20205
5.46164
5.01658
5.26372
1.3111
0.427824
3.1304
4.35147
4.69684
5.9104
2.5049
4.53501
15.9492
5.60106
4.72778
5.21017
3.79419
1.98305
5.03819
7.78576
6.18823
5.16936
11.3315
4.48329
5.64093
3.64842
5.79553
5.05927
5.05856
5.52864
0.162669
1.20985
0.692019
4.45034
5.43468
0.136328
5.86984
5.45215
2.41214
4.35528
9.50696
2.23675
5.318
4.31933
2.03452
4.85877
5.74052
1.90605
5.06466
4.49439
4.74949
0.272818
4.17573
5.31769
8.09484
4.46988
4.75634
5.81682
5.48728
1.32716
4.01208
5.47022
5.46117
4.57218
4.87292
5.31009
8.5344
3.70838
5.08621
2.78275
5.13659
5.01623
3.30278
6.15518
5.20852
4.70949
5.46221
4.82571
5.36786
14.2484
4.84695
5.40249
7.04137
5.00122
5.86221
5.47651
4.90566
4.10742
2.66904
3.28406
0.91301
4.73469
5.19109
6.65591
5.95211
4.40831
4.94954
0.501658
4.64535
5.41681
2.88542
1.33148
13.0789
5.39332
6.19745
12.1611
5.68197
1.29618
12.2286
4.71616
5.53027
4.70963
4.1677
5.0131
16.502
4.99978
5.12373
1.25589
4.1632
5.36995
5.84355
4.69153
4.15843
4.8843
5.01764
4.96112
5.82392
17.6052
4.35584
2.51985
2.53511
4.47263
8.02928
4.32778
4.35491
4.87517
1.11035
7.17473
5.39443
4.54406
5.89985
4.83962
9.81541
4.31226
4.19785
4.80968
9.37795
15.0129
4.25744
5.55133
12.5769
1.9799
1.73772
5.43995
3.94879
7.49956
4.41463
7.38269
5.39732
5.12916
4.98383
5.2753
4.71903
4.35352
4.60026
4.78722
4.35101
3.75855
1.37475
5.34652
11.7755
5.11379
6.19955
5.63426
5.42737
7.68192
1.16157
7.74633
4.99239
1.23053
4.75973
4.59383
4.17633
4.75629
8.45774
3.80885
4.80695
7.99838
4.74203
1.91381
8.52625
4.42637
4.19219
8.64711
1.58681
0.766534
5.21084
7.62623
4.17038
15.6704
0.493562
6.29582
4.84427
1.9979
31.0062
1.73966
4.67419
7.01076
2.88893
1.0009
1.18567
4.08933
5.92003
17.8321
4.36422
5.12523
4.61481
9.88585
4.80579
5.09842
5.47761
14.6772
4.87246
5.38277
1.03957
5.11673
3.26793
2.27689
5.00986
1.82316
4.76604
5.55281
13.26
2.56396
6.2558
5.39518
5.29647
4.79568
4.67374
2.4591
5.37501
5.0038
5.08744
5.49632
0.102047
4.78496
15.2174
4.83616
4.95636
4.26939
2.43045
0.353145
3.77945
4.71455
0.343076
4.26783
5.33615
5.19883
4.0408
4.84774
5.26436
5.17377
7.82326
4.53724
6.02374
2.20108
3.77731
5.23655
4.68718
3.45456
5.05757
5.20344
17.2856
5.13767
5.19323
3.15538
5.19649
2.06908
11.0203
0.659765
7.08375
1.13602
5.00384
4.57518
5.52877
4.49415
3.7165
0.196381
5.63009
4.97551
2.14773
2.23924
16.1245
3.86795
4.5932
5.47263
4.66736
5.85496
22.341
6.21908
12.0048
16.7223
4.4932
10.611
5.36232
5.60309
1.49001
0.922797
0.114738
4.36864
4.63559
6.20525
5.12853
0.339193
5.45597
2.56024
0.350346
1.0568
8.04008
5.46157
6.12595
4.64767
4.63879
4.70151
1.31851
4.74552
4.94237
5.09556
25.2943
5.04124
12.4386
4.26751
6.2681
5.6149
4.4097
5.19001
1.624
4.85335
4.75111
5.63514
7.01261
5.21014
13.0012
0.675912
4.54299
4.40562
4.67042
5.02605
5.43831
7.98975
5.02561
4.30581
3.57203
6.21573
5.70008
13.5359
4.71541
4.16787
1.59369
5.06565
4.86289
5.57031
0.644136
0.368139
4.30462
3.82282
3.53099
4.14894
4.67381
5.65595
2.18572
4.71519
4.90101
4.54569
5.137
11.2986
4.99827
4.71313
4.17865
5.73333
2.40128
5.13831
4.85669
4.00218
13.3813
15.1636
4.2741
2.0294
7.45827
2.67032
4.35338
4.62928
0.812385
5.44496
1.58837
4.66777
4.68819
4.72866
5.17095
3.67972
5.02381
5.04294
11.1151
5.13074
5.95752
3.42421
4.93591
5.19261
5.10012
5.13603
2.92982
6.0415
4.29782
2.68635
9.21024
3.30831
0.732234
0.466375
12.6147
0.225367
6.09214
2.70764
4.70039
5.6247
3.31467
8.89735
5.51641
1.54976
4.97847
4.99725
4.34349
5.18357
9.62432
4.71421
5.61269
0.244206
0.448175
4.65634
5.18341
4.9463
4.93032
5.62515
0.569855
4.49343
5.25613
3.43775
4.47785
5.38551
4.45061
1.25126
2.20744
0.29154
1.87557
5.13148
5.49212
0.276197
5.57917
19.279
5.7354
4.68596
4.86511
5.91189
10.53
4.75528
4.82357
4.24313
0.336323
2.37708
4.98261
1.4217
12.9419
3.06632
2.61081
5.09996
0.373598
5.14192
0.915129
2.93167
4.58043
5.00698
0.961451
5.38136
5.564
4.16111
5.47643
34.5661
4.53581
4.86129
5.17177
4.60632
5.35239
0.512801
7.71704
2.71716
5.04943
6.22089
4.52
5.00373
0.378516
4.82818
13.5222
4.81426
5.0857
4.4856
3.81938
4.9675
5.30372
5.34282
5.78289
0.0763325
1.22217
1.61993
3.98192
0.88908
7.81739
4.59619
0.0920729
1.29132
5.3969
0.225858
4.91139
10.1188
4.87674
4.79893
0.0424422
5.29628
3.40023
5.24868
5.49159
6.01602
5.74634
3.8342
2.61836
6.64739
4.80704
5.75021
14.8721
4.59547
5.01366
6.72367
5.00384
5.06745
4.61698
6.09512
4.82011
5.11252
3.71746
6.80684
4.50923
4.98594
5.10247
2.66757
5.29918
5.36741
8.13746
4.23277
2.53853
5.40582
4.96943
5.03641
5.52209
5.19345
4.32855
4.98901
5.45645
4.58649
0.900105
4.76226
4.54454
4.1486
8.0178
7.0499
4.54297
5.2863
12.8453
2.02315
6.24649
7.31331
5.22656
2.32968
5.0911
5.10541
5.40516
1.21913
13.2704
4.91783
16.499
6.4718
4.56676
0.595789
2.18745
5.47802
15.8801
4.62045
5.04661
5.28495
0.148275
5.31935
5.80172
1.15522
5.52628
13.3455
0.809613
4.65575
5.43014
3.31605
5.44336
1.32004
7.77462
0.763269
4.46031
3.35123
5.70188
5.20572
5.02073
5.07205
3.91302
5.21505
19.6944
0.166028
0.466902
23.9556
4.87208
4.47973
4.00184
8.51728
5.01079
5.21534
12.1229
5.01854
3.82118
5.1328
5.92326
4.59927
4.08574
4.81245
5.1312
5.00199
4.26053
5.42799
4.95375
1.96912
1.50874
3.63099
5.41079
4.78826
10.0882
10.6452
1.60942
2.16066
5.10691
0.629857
3.95281
4.63105
23.9775
4.65583
1.69443
4.84521
4.84417
7.00417
2.72781
5.27104
5.30119
6.27443
11.8745
5.41784
0.439826
4.08673
0.532244
9.72034
15.2798
2.98226
5.71985
0.82583
4.54942
5.29304
5.13672
5.61348
4.46189
2.51503
0.230692
3.02903
4.16112
5.18536
4.80593
4.69941
5.15464
2.76005
1.59458
4.07085
0.821696
0.482624
1.74783
4.95231
3.98741
7.15628
5.80165
5.41446
18.3888
4.38464
5.6891
15.2476
4.47638
6.84936
3.85807
0.612557
5.02352
5.02457
9.88707
5.19435
1.30171
5.78394
4.88193
5.36877
0.0197515
5.60142
11.1497
4.76039
0.42626
5.18543
5.21961
4.85039
5.16782
4.59371
4.98659
11.3664
4.61449
5.30276
0.444385
5.16278
4.1607
5.47235
0.649272
0.936175
5.70231
5.14896
13.2071
5.24645
6.1904
5.12778
2.83854
5.08486
0.44208
10.047
1.88095
5.0444
0.285851
5.5517
4.48646
5.28763
3.36568
4.2499
1.59936
4.29374
3.77369
0.538739
4.81277
5.56683
10.8983
5.21095
3.87076
3.41632
5.39889
5.20009
7.42255
4.32918
6.29215
3.79849
1.83951
5.25842
12.7552
0.78046
4.64611
7.14836
4.67064
0.22603
1.67634
0.644255
4.42191
5.53601
1.87015
4.80263
2.33212
4.69117
1.43164
10.5392
5.43508
4.84948
8.01715
3.19028
5.75599
9.57877
4.35528
4.55173
4.69096
5.63916
6.59475
1.86879
4.66003
5.03867
5.82698
1.59828
3.20466
4.8063
6.27148
4.46881
4.36042
2.49351
5.27323
6.14123
2.52802
4.3436
2.1808
1.91208
0.268148
0.550733
1.96761
4.93843
4.90878
5.46069
1.23247
23.1392
4.93624
4.81144
2.36784
1.17444
8.27604
1.34671
9.61019
5.04509
9.53917
6.41395
1.61612
7.25781
4.46641
7.76016
16.4318
5.54323
2.99002
13.6379
7.36313
12.0308
17.1887
4.84468
1.47135
2.20346
8.06053
4.2731
12.5163
5.3036
4.2056
5.26678
0.992505
5.14782
4.1482
5.1907
9.32219
5.43485
4.89376
5.04893
5.7953
2.13644
4.56401
5.10503
5.74132
7.42592
6.46995
10.3482
2.95042
20.4513
5.1802
2.13306
6.127
9.60609
3.88119
2.89204
4.4287
4.98794
3.78952
2.18417
5.42282
4.25508
2.89759
4.81744
5.49218
5.16586
5.0793
4.55878
4.10184
4.59987
5.03545
4.82778
16.3436
4.82237
6.18253
0.758613
4.61737
5.31022
4.60138
5.37531
5.0436
4.02398
19.4682
6.09357
6.53348
4.86
5.76047
5.65622
19.4036
9.65539
4.52676
5.66502
5.00236
4.86707
2.23924
0.287734
23.6918
4.75518
4.15239
11.8847
1.82631
3.27521
5.01671
5.1848
0.207418
16.8869
1.43703
4.7847
1.88794
4.94528
10.1529
8.76139
8.49602
5.2254
4.2497
4.91259
4.85825
5.39992
1.08807
2.03052
4.89028
4.55143
4.23352
10.4281
10.5726
4.92997
2.0407
4.46761
0.311768
0.962873
5.05035
13.0758
0.772773
5.69606
2.87259
4.87861
5.95838
5.1774
5.2809
5.01781
2.34986
4.87045
5.02933
0.794139
3.98998
1.05842
0.504563
4.97212
3.38776
3.84479
1.86119
3.63834
4.39005
0.441953
5.22688
5.21379
0.087926
1.66237
4.58634
4.34725
5.149
4.57966
4.67939
10.6239
4.21061
4.26214
4.06669
0.600475
2.33535
5.79128
2.6571
5.22612
4.2883
4.31468
4.65189
1.32175
5.12561
5.4037
3.11512
0.907436
10.3397
4.06441
0.785279
4.17023
5.51404
0.0653317
0.916675
12.0942
5.41907
0.233703
14.1627
4.35114
5.18901
5.05337
6.28073
9.14368
11.0364
5.03516
4.73253
5.62859
4.59955
0.765624
5.56496
5.16973
29.3241
1.24195
4.9584
4.81109
4.66501
4.95119
0.33366
1.02753
3.9321
4.77138
2.70065
12.7274
5.55859
5.17047
4.77323
12.7296
19.2063
0.896329
4.98849
4.93053
5.03507
3.49324
4.60636
6.19209
0.687201
4.73262
5.342
4.2993
5.20433
5.57975
3.75853
4.87108
4.18964
5.6213
0.97274
0.989792
11.0768
4.81324
5.26864
2.05273
4.88439
3.2173
4.72565
5.16199
4.98132
3.979
4.58629
2.11036
4.30534
4.57173
2.79588
5.87055
3.10344
4.75781
8.02414
9.62124
4.92949
4.93883
13.5425
6.84606
4.97391
5.60681
5.09416
4.63149
4.9994
3.28575
4.25696
1.57331
3.80091
1.56858
4.71869
5.54957
4.72685
4.22235
5.03939
2.69716
4.60894
4.95728
6.03321
5.15795
5.52175
12.9283
4.98923
5.57301
1.57547
4.92822
5.031
5.28313
4.82945
0.852242
4.69834
0.353666
23.669
4.43788
0.040016
1.5449
5.37627
4.68597
1.52155
5.95523
6.04621
4.51347
4.36592
4.49546
5.31271
1.2985
4.89795
5.22425
5.68499
5.18987
4.59386
3.65772
11.1569
8.349
4.9127
0.215567
2.7419
5.37729
4.78303
5.27701
8.06444
5.08616
3.23049
5.0771
4.75876
2.80871
4.33691
1.93654
5.76228
4.97076
3.73533
0.264711
5.74287
3.19412
1.26026
4.41189
4.53956
4.48712
4.12576
3.34365
5.36883
5.06529
4.87347
2.6475
5.30299
5.61755
4.44006
5.68181
5.93182
0.165884
10.6881
15.3669
2.25851
0.885723
1.56532
5.84662
3.69401
6.00729
5.27051
7.07246
0.175027
9.84691
5.15468
4.37365
5.07733
3.08557
1.55805
3.72221
4.85409
5.19742
1.62327
0.283784
2.96847
0.556194
5.27617
5.21755
5.75295
3.27224
4.78304
4.9374
5.23469
5.78833
7.19964
0.174371
0.0581839
6.50665
4.67552
5.64027
4.89597
28.2108
10.0715
5.16436
7.55142
4.55466
0.11627
0.640699
2.44368
4.47512
5.34621
5.01316
5.25062
5.1867
17.3799
3.34365
5.0799
0.756573
4.44927
4.20653
10.9381
3.99441
3.35113
21.2992
5.01645
8.37966
2.29537
5.18689
4.85235
19.3084
5.53442
4.69391
1.90553
9.35054
5.19004
5.33459
0.875157
4.14608
1.35521
5.19875
1.82335
1.17183
1.11922
4.29771
2.0111
4.28729
4.79497
4.86263
4.61886
5.44216
10.93
4.44662
8.17639
4.43992
7.80389
5.0041
5.44721
0.281559
4.75748
8.2884
3.42729
4.78013
5.25501
5.2965
0.653242
4.95353
4.85017
4.4824
17.3743
5.35139
0.693157
1.80735
1.68729
5.05355
6.32686
4.61078
5.32628
5.32863
5.67213
4.57831
1.11398
5.47469
3.88654
4.40234
4.7913
4.79245
4.23452
4.73959
4.91276
1.26472
1.71259
5.21133
4.2309
0.3372
1.44081
5.22529
7.88293
1.50659
10.6228
14.5804
5.25004
12.1339
5.2297
5.2908
4.99779
2.03179
5.50982
2.3504
1.01267
4.47256
4.74528
16.2293
5.01988
5.72738
0.99094
5.60043
4.71759
5.49731
4.61872
5.51151
5.23582
0.694642
3.57498
18.8634
5.55944
3.46325
0.924222
0.661572
4.67866
6.97269
10.7707
4.85113
4.22484
4.99883
9.39548
4.89161
3.89575
5.41746
14.4325
0.175343
4.30014
1.20454
4.96178
4.67354
5.5131
4.85555
4.70076
2.54834
5.43975
4.3661
8.97649
2.17074
1.10615
4.89416
3.07323
4.08055
5.22708
1.87908
10.3218
2.05779
5.03432
0.00695096
3.90226
7.94709
3.65349
5.6756
0.281373
4.88714
5.07896
4.59271
4.7548
2.65315
2.86699
4.32397
4.95958
0.00412489
9.55985
4.50527
3.07929
1.7482
8.17575
0.983818
5.80464
4.49903
1.71325
5.06243
12.4176
2.35714
0.387447
1.89528
7.8635
5.47435
6.00112
0.62069
5.74079
4.59449
4.68622
1.49728
4.81227
4.63462
5.00264
1.97257
1.47122
3.98224
4.69909
3.79416
2.34457
3.2918
5.33981
5.25793
2.02454
5.44142
5.21534
4.44367
4.69956
0.198581
5.09501
2.95986
7.99279
4.59657
4.52317
0.326266
2.89715
4.22129
5.16878
4.80337
3.40223
2.23721
6.85399
6.70395
16.5965
5.8924
5.40812
9.27193
0.863007
4.34828
4.03616
3.66774
1.17088
5.08481
4.92597
4.48623
11.0178
4.83681
4.85995
4.53674
0.0256084
5.48304
3.32769
1.64887
5.11911
0.404825
5.62924
4.33323
5.2444
2.14174
5.40279
0.25803
5.2208
2.83368
4.50924
0.316724
6.09624
0.0917391
6.34705
4.97215
3.50614
3.19719
5.64232
9.71911
12.6471
3.05319
4.86886
5.50577
4.65925
4.7062
5.01695
0.142072
4.79151
4.41664
4.92451
5.61979
4.41606
5.46112
3.35855
5.41495
6.61933
5.53969
6.21223
8.18394
3.50624
0.621875
4.95685
7.32487
4.12853
1.35576
4.77798
4.55319
5.26633
4.94697
1.23118
4.58286
2.91552
5.23306
0.638312
8.94832
5.89334
4.79755
0.333424
4.35359
1.19812
0.125355
0.607967
3.66268
2.47448
5.29613
4.47121
0.225827
0.169454
4.90121
4.97571
3.06015
3.32856
1.45799
5.19835
5.41036
1.44971
14.3178
0.873972
6.50399
4.23476
5.09339
5.66504
4.80032
10.4619
5.67809
1.84298
2.77558
5.59977
0.325173
4.86287
4.98422
4.97031
4.83191
0.549028
5.39993
2.79065
9.2915
5.50499
4.25831
5.90732
5.29935
4.67353
5.31822
3.50412
2.45743
5.41087
4.38555
5.34612
11.2214
4.53847
5.07423
4.5259
4.68424
5.06654
20.6733
1.08979
12.1661
5.98695
11.7744
8.73689
4.86587
1.28756
1.90749
10.6448
3.99914
12.0476
4.6133
12.6041
4.97926
5.55434
13.7392
5.07404
4.68553
0.948791
6.12863
4.29389
4.442
12.7051
6.41648
4.81856
4.59858
5.51118
0.754399
4.2626
4.74039
4.50948
0.424728
4.6674
0.804404
6.12651
14.6587
5.13922
7.18906
5.74531
5.53615
4.87932
0.722638
5.87319
4.95626
3.8833
4.39754
5.47742
1.67157
1.20678
0.676245
7.97117
5.56654
5.01487
4.1069
2.50144
1.80333
6.05551
0.739748
5.27693
2.38009
5.23483
5.47825
4.51746
5.27395
5.66883
4.47858
4.79563
5.91793
4.46134
5.03088
14.0762
2.08648
5.15106
7.41568
4.61359
9.3675
13.5396
4.47577
11.3117
5.26096
5.59639
11.2122
1.3897
0.519524
2.21397
3.93397
7.87311
6.56477
6.12791
1.70584
0.496942
5.26031
18.277
6.21685
4.5716
4.48332
0.65712
2.37368
4.98176
2.42193
5.22312
4.12096
1.79414
1.28805
1.15814
16.0693
5.00693
5.38208
6.37497
1.19862
6.79718
5.49127
5.30111
5.54884
5.20729
1.55739
0.920354
0.176138
5.96269
4.58129
3.3306
0.662935
4.75142
4.91164
7.51202
1.75309
4.74687
4.87413
5.08183
0.595543
1.01703
4.8248
5.67098
0.147453
4.95228
4.8085
3.55038
5.50183
4.71243
4.65294
4.90411
5.0726
4.1767
5.0783
5.95993
5.0131
4.39502
9.34929
2.13685
2.52968
4.18588
5.14018
22.4588
3.87216
3.90566
4.9644
5.29864
4.55355
4.05968
4.94472
4.50255
2.58406
1.07206
0.218928
4.6173
5.13471
5.44747
6.66447
6.76317
5.50129
5.31367
1.10572
4.74526
6.82854
13.5354
0.8406
4.41387
2.47223
5.13369
5.33488
5.17098
5.5272
4.30685
5.04823
22.0228
5.99139
4.13437
5.29956
3.94759
4.86301
5.10608
3.5736
4.10831
5.53842
6.42504
4.61291
9.55243
5.2584
5.01781
0.612648
0.626453
5.14354
1.11783
5.83617
3.96012
20.8795
1.26194
4.81158
5.77929
4.6998
4.57674
4.81954
5.24496
2.85566
5.32784
0.267665
4.11298
4.92673
0.457344
0.683886
6.17995
4.58405
5.58421
4.71085
2.38411
2.3589
0.850654
5.03509
4.91577
5.41204
5.74831
5.16016
4.9715
5.18752
0.143788
4.04952
0.115906
4.37994
1.29718
2.47643
4.62311
5.3637
4.02394
7.50422
5.24769
5.42857
3.82339
2.24936
5.46363
4.73236
12.0231
5.50872
2.90758
5.50127
0.969519
4.64981
2.16731
0.722316
4.86405
5.36981
5.34401
5.67536
5.48929
6.92516
4.49431
5.22351
5.01395
5.71482
4.15259
5.49772
1.22297
1.46717
5.07268
5.3238
4.49054
15.9897
5.32039
4.6695
4.28988
4.98346
0.863705
4.88784
1.11762
4.08611
2.82612
3.26092
5.24397
6.10714
4.84189
4.1684
4.92031
1.50462
4.963
4.93394
5.03139
0.242318
5.76457
0.411427
4.41536
0.442575
4.82795
5.04469
5.94202
5.94088
10.046
5.55512
5.6175
4.49593
5.25738
2.98397
5.17044
4.77729
5.19616
5.32705
5.21771
4.03422
4.68081
5.50739
3.76155
4.51827
4.99768
0.990305
0.371443
4.42842
5.11404
5.32723
5.03691
3.31928
0.685059
5.14222
5.38321
5.88205
2.33151
5.11377
5.85505
4.48783
6.26973
2.7172
5.31548
5.00159
2.29928
5.78167
10.7237
4.51216
1.72954
4.39125
5.34017
4.58215
5.23419
5.24336
4.66792
5.00416
5.30413
0.230758
5.22886
5.37774
4.85682
4.6928
6.77355
4.32243
4.96138
1.17359
4.80325
0.126446
4.99691
5.38022
4.80557
5.39924
5.41696
3.75796
12.4364
1.43009
4.00964
1.93827
0.185592
0.295466
4.08414
4.20853
4.70897
6.93891
4.85567
5.14731
4.72049
5.61121
4.93158
4.81694
4.81058
4.67408
5.23131
4.63759
3.60426
5.83471
3.78312
12.8277
3.70705
4.69183
4.7289
4.78396
6.84426
4.48243
1.49495
4.75414
2.81523
17.2518
27.181
5.54044
7.36382
7.23465
0.178681
1.42227
4.67626
2.40125
6.81846
0.233249
2.02677
6.04518
3.91656
5.95791
5.4615
4.86529
5.63283
5.55062
4.48948
4.55412
5.24991
5.88323
8.30119
1.67276
5.06073
4.84877
4.16447
4.52209
4.70353
0.563323
6.86735
5.21596
0.42427
3.06183
5.03445
0.0418596
6.06893
5.62655
4.38083
4.21372
12.7394
5.04029
4.54694
6.17291
4.6286
8.92978
5.0619
1.42899
4.80475
1.31666
4.45342
1.08483
1.23441
0.0397199
4.97251
4.46069
5.1892
5.44251
0.153679
4.79054
5.23338
23.7043
5.27254
4.00771
4.3876
4.60803
4.50819
0.459575
5.29898
4.85656
4.87774
3.71027
4.54384
5.08367
4.35783
4.98355
11.0263
9.10599
0.632811
0.110524
8.85168
5.06366
0.353853
3.33044
3.19999
5.16311
4.57827
6.88302
0.467021
4.71832
5.35609
6.23177
1.88027
4.15657
4.42101
1.08686
4.73496
4.73337
0.216088
9.9377
1.9546
5.65099
0.732713
2.49336
4.74476
13.6754
4.62451
5.29992
1.59153
7.80685
4.76233
4.46459
5.3513
5.19105
6.63144
5.24968
5.02197
11.7494
5.47963
3.42072
4.97434
5.23808
4.31575
4.6946
5.02676
4.89697
0.363407
5.82289
4.35959
5.20972
5.33436
0.574962
5.37607
5.22841
3.77338
5.56167
4.20602
3.51776
4.98274
1.11276
5.87645
3.14331
0.415986
4.65129
4.96161
5.45129
5.28319
1.70415
4.51535
2.54611
2.93641
5.19702
2.33575
4.48033
20.1133
2.20426
5.24367
5.10309
9.46958
4.81436
5.41454
7.29345
13.4609
4.57921
0.765228
0.400722
5.40708
5.10506
4.24245
0.829214
0.343905
4.67451
10.6163
4.98739
4.8903
6.52855
3.32644
5.24938
5.25004
4.63774
5.07959
1.1704
14.863
0.723873
0.354812
5.39639
4.26952
5.27084
8.76724
5.12056
0.258487
3.92083
8.99139
5.62242
5.86774
5.1839
17.1696
1.39085
8.13382
5.0568
0.480273
4.62746
4.99466
5.47798
4.27692
3.85475
5.99943
4.17215
4.39128
4.84177
5.14666
5.63706
5.151
4.42431
4.81935
5.39064
4.88089
4.59651
0.154125
4.51353
13.7422
0.799641
10.2189
3.92032
5.08114
9.90922
4.53045
4.69268
2.05009
5.00164
0.700117
0.489724
4.53359
4.89656
4.9237
6.62068
5.71492
10.2271
5.70485
4.74728
4.9191
4.72603
5.46949
5.80332
0.0607458
2.75041
4.68627
5.262
1.17184
5.00879
5.67078
5.34792
8.41525
3.16795
7.22226
5.16179
4.54554
6.77023
8.08936
4.64097
1.75581
4.94254
5.01755
20.8281
5.4005
2.06069
5.61705
1.09218
5.18892
4.45547
1.15081
1.30034
5.17678
4.69739
0.694194
5.78017
4.19037
10.1544
5.43102
7.10489
5.24653
4.94062
5.33333
0.257951
9.35011
6.4987
14.1555
2.42053
5.03195
2.33454
4.71533
5.64404
5.28787
4.8029
5.02008
10.4643
8.41913
1.32391
4.6358
4.76396
4.8057
3.13595
12.0217
4.8031
4.83054
4.51584
5.51306
5.24292
5.01171
5.03295
5.7054
8.07356
4.65165
0.981508
3.81133
1.74526
15.4545
5.07539
18.3203
3.92025
6.7518
4.9488
4.15369
5.88975
3.00989
4.77783
4.64251
2.04569
13.8781
5.76669
0.51933
5.34243
1.98132
6.82317
5.0503
5.3309
4.96355
9.20227
4.76586
1.66185
5.89488
11.9787
2.25839
4.65013
5.72079
0.746475
4.36593
5.68349
5.12586
4.49601
4.98362
4.68848
5.17568
4.54715
0.0761333
4.64664
5.315
5.94678
5.71705
0.162481
2.11555
4.45587
2.32296
5.19666
8.47793
0.753834
4.57868
4.78404
4.49202
5.51347
5.21319
4.35556
4.21426
6.91845
4.89216
5.34757
5.3762
4.89048
4.38701
7.16577
4.38333
0.217107
4.60739
4.78781
4.87188
2.91811
5.58527
0.639802
4.33071
4.96705
5.56141
19.7459
9.67734
4.90086
2.84323
0.271422
1.12013
4.61908
4.81353
3.05938
4.61069
25.1982
4.79866
3.22259
1.20176
4.59072
7.81378
4.97722
0.0243803
3.89084
2.85119
5.55618
3.96922
3.95823
4.4195
1.55636
5.04674
5.16023
1.50644
4.70013
7.22962
4.66659
0.436626
5.73501
12.1381
0.108264
0.627597
5.54593
6.10797
10.4417
5.45326
4.57876
2.57262
1.74604
4.19328
4.88848
4.13009
5.4786
5.04602
4.73706
4.633
0.488025
5.83921
3.97994
4.99055
5.34498
5.53107
5.1389
2.11621
7.34692
16.9836
4.37747
0.618352
1.8229
0.268453
4.42295
4.52274
7.24577
3.57935
4.30083
4.76673
5.51129
5.4259
8.85045
3.60155
4.58961
2.76338
5.51897
4.545
4.25465
1.50779
11.3863
4.87308
0.489611
8.07879
5.34679
4.17883
4.86117
15.9659
4.03126
0.0494874
0.557145
1.54569
4.75136
0.0370386
2.93775
5.08223
4.31528
17.2132
2.36577
29.9098
5.61097
0.565087
4.97307
0.168026
4.52816
14.083
4.91012
3.71911
4.64211
1.70975
4.64382
5.18299
9.80291
2.34257
1.72638
4.8156
5.19284
7.50568
4.56841
3.8786
1.58605
4.99426
4.86504
6.17149
5.31489
4.58499
5.10721
0.259327
11.2388
3.11825
5.13572
4.1421
5.37924
4.61314
4.50614
4.35728
7.13545
5.10059
8.54655
4.78612
3.25653
5.28478
11.0189
8.53198
5.51067
2.6963
12.693
3.73885
2.9668
4.94447
5.34858
3.85796
5.1243
5.36166
5.12236
10.4099
5.11377
4.86813
4.63097
5.5312
5.16047
5.30997
5.0401
10.1844
4.99032
5.58855
1.47619
5.34741
5.69271
11.7234
5.04024
4.87457
2.95867
5.19779
4.10903
5.63672
5.672
1.46033
4.08028
11.542
1.43307
4.92453
0.571041
11.5447
5.31843
5.02418
5.19397
2.68772
4.63053
4.77519
1.90917
4.89676
9.26074
5.79967
5.14682
1.61626
4.99858
5.34583
1.9605
4.44825
2.44367
5.13594
4.30173
5.25049
4.17242
5.52413
1.14406
0.914454
5.08505
2.20231
10.2592
5.5932
0.386149
0.964
2.6514
5.31328
4.78613
4.76721
4.39952
4.65135
5.25206
4.81014
5.04168
1.49756
4.90634
4.2771
6.7653
4.53202
19.5238
4.97017
11.5038
4.9395
7.22548
8.91295
0.0779766
4.17241
0.27703
5.02956
2.40135
2.53649
3.56502
0.846741
4.97873
3.83383
2.07983
3.5545
4.92019
1.30653
5.20217
4.58749
2.4879
2.51862
3.51751
4.50876
3.69826
4.89192
5.08353
2.94088
5.3786
7.00303
4.46609
0.165156
14.4025
4.04662
12.2654
1.54197
5.45334
5.277
4.82854
3.83673
3.55094
2.84545
4.75032
5.21287
0.18243
5.79426
12.4553
5.33012
2.32044
1.98978
5.22286
5.82141
3.33967
6.04974
13.9774
10.4243
12.621
1.30557
4.83263
13.6064
7.01969
1.26498
5.56041
4.95321
4.38931
5.26517
5.80988
3.12308
3.70288
4.85878
4.8572
8.26293
4.40967
4.78435
2.2819
5.49893
6.50863
3.88245
5.16212
2.64687
4.67166
4.49943
3.99838
2.0156
4.70918
4.24686
1.46481
4.56266
5.09186
3.21713
4.55318
4.45214
2.9941
3.03539
2.67257
5.28383
0.500223
5.18828
2.45884
5.37754
5.13758
5.04971
5.48617
5.43917
4.46321
4.74167
6.11829
5.21516
0.257108
7.15987
8.48605
2.95851
2.52178
4.82929
5.79555
5.07552
7.01107
4.65148
5.1257
4.95512
4.94944
5.45604
0.763651
3.76044
1.2363
0.961532
5.13928
18.9091
0.972331
4.65229
2.48829
4.08301
4.06106
1.7903
6.78262
1.94112
4.98407
4.50172
11.3933
5.23056
6.00595
5.06054
0.255719
5.04924
1.40218
1.82644
4.15513
1.18603
5.58969
5.17343
15.1649
5.22095
5.69187
4.38412
1.36707
0.456688
20.3721
5.33263
4.79681
4.72614
4.6482
4.683
5.85519
4.91085
4.0926
5.37973
5.1823
5.69172
6.89318
4.77664
6.34966
4.6165
6.63991
11.4228
5.14683
6.10511
1.0709
11.1689
0.27946
4.62718
5.15792
5.62024
0.907055
5.24768
2.95336
5.20903
3.29369
4.86105
5.10872
5.86126
5.06131
5.23258
5.14527
4.0988
3.25529
6.79164
2.1968
5.08041
10.8848
4.84825
4.21024
6.26997
3.37754
5.42301
12.3702
5.63713
5.27478
8.9527
4.9218
2.18639
5.64942
5.20122
6.55867
4.81841
7.15198
5.09544
5.76588
5.14863
2.87626
4.75022
1.35726
5.16991
15.1947
3.84581
14.2565
4.95971
5.17236
5.93483
4.56382
9.47838
0.839898
5.00243
1.94658
8.1896
4.39829
3.7193
5.05451
4.01485
6.9
3.40645
7.83573
5.60374
5.01149
3.69068
4.70921
4.6397
4.95365
5.49426
10.2215
4.3958
4.49228
3.23593
4.85679
5.53853
5.55595
5.42331
4.21713
2.05889
9.82608
0.898233
5.23258
4.17848
6.04054
13.5264
4.83437
0.751638
5.5658
2.76512
5.27792
5.4522
4.4925
5.16718
9.16295
15.5576
7.68776
4.87244
1.4416
5.14802
1.86318
17.6871
0.925803
0.0162403
11.7287
4.06545
4.42446
4.8544
4.7252
13.5018
1.57456
4.45143
1.21229
5.41607
4.20557
1.12363
4.8293
2.22151
5.21997
2.71026
5.47626
4.62928
0.135508
8.63215
5.36763
4.15133
4.54474
0.158972
4.51444
1.38556
4.98557
8.39264
6.13163
5.26394
4.41373
5.26878
2.95979
3.59524
5.12401
4.64582
7.92175
5.24613
5.09858
0.561583
4.7596
19.9052
4.71177
1.40622
4.90016
11.5713
5.28667
4.3052
5.23814
5.01902
4.75056
19.3247
4.90195
4.88647
1.07036
7.8687
0.433822
4.27663
6.75573
6.06757
4.95896
5.57248
5.28664
1.00897
5.38966
4.88008
0.458611
0.433702
4.71364
2.63817
2.6402
2.49701
3.43345
4.4922
4.41694
2.37395
3.07483
5.33076
4.69329
4.38643
9.5668
4.32396
1.27295
9.13451
8.32764
0.729195
2.22996
5.92936
5.30756
11.8025
4.76821
4.43824
0.698055
5.05791
4.95568
2.44944
4.87766
4.45307
5.08298
4.77765
4.12054
3.456
8.33164
3.8009
2.86052
4.85358
4.23046
5.16412
3.6445
5.2208
5.50782
4.72191
13.478
3.79194
4.87311
0.218006
5.49872
2.04025
5.54921
0.127657
10.1508
4.95192
5.04781
2.36291
6.13827
9.69701
4.72597
0.290028
1.90889
5.02936
1.66057
5.53706
2.18437
1.39128
5.33711
3.65405
24.2037
4.20625
1.8297
5.24902
5.93935
5.41917
4.31368
0.0395984
1.58679
4.55638
5.38267
5.23653
5.01891
4.95668
17.7628
4.47486
10.4054
5.60446
1.18144
0.606942
1.40415
0.534528
12.0787
4.93003
5.77575
1.24281
5.8519
1.68917
4.85316
2.4804
5.25217
5.00232
4.68956
5.61977
5.10876
5.72111
7.83983
8.59211
5.97064
5.81911
4.564
2.11804
5.46133
4.6306
7.5827
5.51069
13.1462
5.2111
1.80635
5.73727
5.63706
2.65537
13.2675
4.91049
5.25408
2.99242
4.28341
5.2369
5.40953
5.05148
10.4943
4.72325
4.79458
5.16565
5.23353
0.918994
5.6492
5.57682
4.67852
5.03131
3.2646
4.84794
10.3244
4.21629
1.08643
1.97685
5.37628
4.78025
5.03913
4.63009
0.66787
6.80359
2.26881
5.34107
2.07261
4.61815
13.9924
5.07582
5.50679
4.46601
4.79581
3.76719
3.47301
2.25711
8.9493
6.4006
9.03154
5.82207
5.25531
4.75419
9.85336
3.10154
4.57459
4.51593
5.13959
1.05922
1.24458
10.8104
1.04909
4.94168
8.17817
3.54688
3.11573
6.20035
10.1095
5.03007
4.71647
4.0245
2.38277
5.41809
3.5283
4.92393
2.29793
4.57025
6.42416
8.73109
3.79993
4.86114
5.74517
0.692042
5.6256
4.91886
5.21288
7.83117
1.50133
4.89476
5.18348
1.51122
5.22331
10.2803
1.41022
4.56717
6.52453
5.03545
3.44378
5.27973
5.09822
4.179
6.19488
4.93697
14.0474
14.6436
17.5412
5.65668
5.49417
4.86395
5.93185
5.92633
8.67617
0.0888641
5.59035
5.09604
2.64837
0.50598
3.59387
5.66102
6.93184
2.62187
5.58805
1.84431
2.38379
3.22302
5.8351
1.19303
0.584235
4.68844
5.39227
5.54473
3.10746
9.35507
0.796853
5.09419
0.24554
5.61851
2.88073
4.44865
1.24028
5.18472
5.05702
5.7582
0.706524
3.33356
4.62236
4.31265
4.91557
4.52809
8.19271
2.48087
4.41612
4.059
5.6451
4.98096
3.85082
0.325707
0.681564
5.49659
6.38465
6.84126
5.08764
3.20607
5.22532
4.97954
5.40241
4.57311
4.04413
4.43056
4.84978
4.52586
4.20513
4.2073
4.83638
23.9977
4.87744
4.68708
6.95536
5.58872
5.00947
4.73254
1.6257
4.91476
4.67703
4.15595
5.57584
5.61079
4.6926
10.5421
9.41025
5.22608
0.738222
4.34569
5.08595
5.86739
4.6133
2.90474
5.92037
4.22292
4.58298
2.92074
5.19831
9.19669
4.42901
2.04323
4.74473
2.71849
5.36231
4.9678
2.31274
14.4807
4.75863
5.38595
12.8319
5.51633
10.2205
0.265152
5.17032
1.69032
4.51719
4.59512
5.45108
2.73428
0.471267
1.93009
18.6728
1.48156
4.70644
4.74964
0.991823
4.5699
4.81457
9.46351
4.34719
2.15903
4.99134
4.76007
5.596
4.97871
5.08712
4.82549
5.56976
5.379
4.9824
4.8766
6.78674
1.08897
4.85488
6.03121
10.0378
4.31684
4.7398
10.1859
4.84395
0.316938
11.0944
3.69974
5.29718
4.92361
3.66041
3.15293
9.1652
15.7868
13.5921
4.86978
5.85526
5.93592
0.962448
4.36117
1.5429
4.41257
0.339867
4.41979
5.56741
4.99937
5.12477
2.685
4.99892
4.84303
3.82799
0.0281126
5.06216
4.65567
4.82607
4.844
4.74043
6.39363
4.94366
4.62768
4.28479
1.39302
0.860888
4.92779
2.94128
5.2819
5.08022
5.59248
5.25536
4.20075
1.30879
2.78146
7.8442
4.83957
4.84161
10.6282
2.20187
5.72219
9.29093
4.68446
3.12155
8.56195
4.14806
16.2313
12.4998
4.10842
2.47551
7.80788
5.14759
5.69767
1.65018
0.153006
4.11837
0.157367
5.27731
5.27506
6.87629
3.90786
5.27277
5.29166
3.74155
5.19895
5.36537
4.32236
4.04511
1.67421
2.59961
1.59165
4.4144
0.479246
15.4464
5.50417
4.75906
1.68683
4.34147
5.82949
5.01842
5.14901
3.79515
11.4823
4.47691
7.38049
0.0317263
0.36751
5.34209
5.77801
4.65003
5.49614
0.749433
0.444083
5.26248
4.91119
5.76401
13.2389
5.1722
9.13995
10.2855
2.55716
4.52232
2.0603
4.83656
4.86163
6.9933
1.82242
2.4647
2.02666
5.68767
2.52698
7.4291
1.54979
5.01918
14.5335
4.87566
5.27547
5.93246
5.19815
4.87567
5.41885
3.89131
4.35228
5.36132
5.04898
8.27121
5.17112
5.37085
4.32316
4.25437
0.252288
3.73456
12.4269
5.06703
1.35511
4.09818
5.43608
9.28976
5.23688
5.1604
3.27907
5.324
7.688
4.9273
4.885
0.311925
0.0697588
4.26729
2.37007
4.81885
0.161113
4.25518
4.57555
5.49523
4.59018
3.60757
15.7833
22.3626
14.6492
1.21341
3.28465
5.41208
21.5953
4.83138
5.86288
5.0474
3.27102
4.78078
1.39402
4.15143
7.3217
1.62024
6.05282
2.57143
4.85073
4.31995
4.0534
4.01737
9.63246
1.39389
4.6311
5.0559
7.38238
5.09268
1.39376
5.82304
1.68466
5.86612
4.63219
4.91074
13.0554
7.13395
6.53512
5.68059
5.14454
4.12576
6.90944
0.40401
5.43008
5.92279
2.23892
1.64482
5.04612
6.82232
4.37786
5.15445
0.159093
4.82941
3.79392
4.86786
4.61652
5.52457
4.73068
3.23835
2.51615
4.95312
12.309
6.54295
0.808973
4.48694
2.12561
5.23675
4.84857
0.754512
4.28077
5.21814
4.20355
0.948876
0.0793989
0.64648
3.83475
5.03957
5.1058
4.84599
4.95042
3.25256
5.19646
5.158
4.38685
5.00762
8.02783
5.44707
5.02514
4.90655
21.5362
2.16111
4.08564
1.01804
5.5531
5.91681
4.72588
5.38086
5.26375
0.566389
3.29039
0.774108
5.00771
0.672785
4.19994
6.53749
0.093839
1.66577
6.18368
4.69063
5.36098
5.07264
10.9739
3.62014
4.46713
4.75385
5.02266
5.11991
1.78619
4.77676
4.6558
4.10791
5.99383
5.2575
5.15348
5.52609
4.28877
9.0279
4.12186
23.8025
5.91012
4.81299
3.07759
5.37751
4.62531
4.00515
1.51614
4.15953
6.05253
16.1926
0.818308
3.63789
2.24877
5.25544
5.37824
6.54868
4.67358
4.71249
4.88625
8.60024
1.16661
5.15684
2.03828
4.30584
5.0975
5.2468
0.871852
2.6944
5.58514
4.11625
1.51739
4.76237
4.31067
4.84942
4.63301
6.61776
5.57391
4.81403
8.55515
4.33481
4.37082
3.05988
4.71848
3.5489
8.92499
5.14073
5.0335
0.199951
18.7495
4.40552
15.6234
4.60702
8.16461
2.02139
9.4405
0.245717
4.45324
2.79178
3.91981
5.49952
5.48693
11.7041
5.5242
5.2708
12.1915
4.65229
0.208635
5.02719
4.84291
5.17974
2.00831
2.15058
5.66384
2.38234
0.0513859
5.17768
1.69684
4.79653
6.06308
5.52284
4.71747
0.112396
7.39173
12.3345
12.2516
4.62869
9.21094
4.5713
5.3128
4.27908
5.09414
4.17551
3.91986
6.9917
5.83816
4.30592
4.57546
5.13821
5.40898
5.08636
5.3192
5.4353
5.65137
6.63851
1.56149
4.83291
0.0909365
4.15613
4.11599
4.09674
3.9732
3.74005
4.60921
5.32585
5.03771
17.2666
0.336625
5.34737
4.4121
5.77155
2.5628
20.4984
2.08655
6.02995
23.6144
5.1437
3.29359
2.66411
14.6059
5.73206
5.33579
5.29963
1.56033
4.63858
5.71457
6.90124
5.2424
0.00562909
2.94928
4.31954
4.50797
0.773141
6.01153
3.89529
9.77372
0.360773
6.0583
4.45781
4.66363
5.99995
1.18651
4.91425
5.4484
4.99991
4.85016
5.28414
10.0251
5.49554
4.13662
5.69114
2.32193
4.69825
5.4579
1.85895
4.22445
4.34173
4.87864
5.07075
4.84748
4.36353
0.966038
5.85529
4.54042
5.77446
4.72429
0.151762
5.29971
11.4975
0.649749
5.20212
4.63822
5.15611
3.55569
10.0778
4.58144
4.43242
4.70514
5.00188
1.21994
2.24016
7.49914
5.19018
24.09
5.08568
14.568
5.35877
4.53815
5.35322
5.30052
13.7797
6.87238
5.34508
3.60375
5.19845
1.65272
4.06062
5.12156
6.08158
5.11824
5.71758
5.03062
4.2255
2.87682
5.22593
2.05449
5.26154
0.463174
6.28229
4.93145
0.795014
4.73707
5.1909
4.38242
3.2808
4.89101
4.97862
5.59693
5.42963
0.321154
5.78897
5.72505
4.8254
7.10299
6.55709
4.44405
7.26324
1.79797
1.28273
1.27171
8.5865
5.26394
3.61827
4.96086
4.92475
0.551894
0.339312
5.73912
4.53367
4.83669
4.82592
0.814289
4.63566
5.20681
4.73702
4.8321
5.80499
4.57264
5.74048
4.89436
0.0802736
5.31809
5.19291
1.4196
4.61058
5.43834
4.31943
12.5836
4.34331
5.27912
5.56052
4.38098
1.26038
4.98303
5.73785
3.94805
5.60011
5.37335
0.742778
5.09163
5.05925
8.69979
4.70892
0.238167
4.93147
4.72507
7.92888
4.77668
4.61359
1.05667
4.27441
7.34899
1.23737
13.9187
1.49152
0.273454
5.13317
5.33137
0.122909
1.26372
1.11067
5.5162
8.95256
5.36454
4.14463
26.1202
4.90904
0.113621
8.98719
4.62219
4.34992
4.24477
1.94158
4.67157
5.04107
5.94842
4.37778
5.05494
4.90294
5.18235
0.864557
4.64683
5.56134
6.01984
11.8874
5.117
5.14705
7.80529
2.93868
1.97111
1.44841
4.65868
3.28069
4.61844
5.44263
6.10296
4.87037
5.22149
0.0516913
2.38997
4.66107
5.73552
2.57098
9.88511
5.67344
0.463646
4.80387
6.90175
0.617474
5.30078
4.08651
1.64934
0.134443
0.0174165
4.85466
5.03605
5.16829
4.34021
5.32308
14.9328
5.32232
1.74337
3.10022
4.69931
5.44514
2.53376
0.269955
4.33956
0.570221
5.97442
5.30389
5.19653
6.26569
6.10714
3.07508
6.36588
4.40598
6.42406
2.33242
0.518265
5.4449
4.37007
3.1122
1.91088
5.30457
5.11132
5.28668
4.70914
4.92886
12.3471
1.87019
29.2929
5.34106
0.658854
5.90672
4.08841
6.19682
4.39817
4.59787
5.06316
4.99497
4.89701
0.556442
9.34271
4.4848
1.54541
4.67639
1.27096
4.14321
4.78056
5.27636
4.98954
5.16667
4.85811
5.06942
4.97266
4.97812
4.42676
4.88952
1.57767
5.23768
13.087
2.20547
10.2391
14.6501
1.88189
24.8914
4.11564
0.832413
4.48016
7.55124
1.37029
1.35781
4.98415
5.53346
9.92764
34.1376
4.28896
5.11055
3.68936
3.75615
4.71364
1.84742
0.31904
4.19044
4.33093
7.76705
5.34865
3.43548
5.24434
4.81937
2.75116
2.9689
7.83497
5.1584
17.7522
11.0312
4.37786
4.8972
4.90983
4.39846
14.088
4.82309
4.85238
4.94604
2.08997
15.9877
10.0889
4.82926
5.06736
7.49489
4.39866
4.48052
5.43374
5.11906
4.54991
4.82696
5.11593
1.15126
4.51571
4.52426
2.35456
3.58403
5.14512
4.77998
4.43371
5.74078
0.45081
0.870248
1.0737
4.93705
4.03241
17.9497
