37.421
1.97121
3.95325
11.2386
3.11157
4.81169
12.3202
5.46652
4.9424
5.45226
5.52184
5.2182
4.22667
5.72736
4.89557
2.05597
4.78786
4.5529
2.92864
2.77881
0.312912
4.32201
2.45745
10.9191
5.03038
7.96211
5.23623
4.84532
4.98815
2.26719
4.09521
1.33814
0.672445
5.19136
5.40619
5.16394
5.37116
1.11043
5.32848
1.21432
1.49526
4.85451
2.68545
4.02443
0.909643
1.48019
4.95886
0.899394
4.05662
7.6441
3.02768
4.67085
1.6527
4.57814
5.29383
2.08773
4.69589
0.475224
4.20037
4.86361
2.26917
4.87519
5.45498
4.46203
1.94013
4.74789
5.14124
5.26829
5.32542
4.7955
0.993537
4.3467
1.05625
4.68402
4.78567
4.63469
5.5945
5.13346
16.1991
4.47904
5.91651
1.65372
5.46579
5.90627
4.54907
5.1271
4.38268
0.484398
5.10601
5.00282
4.84601
5.4012
1.7061
0.441961
4.19718
1.39375
3.30557
4.51661
4.69398
5.07519
5.18244
4.67305
4.97792
5.38002
5.17691
5.2906
1.06793
1.41085
0.605187
5.82717
1.44554
4.22731
2.24024
1.67353
5.23326
5.28898
2.40625
4.68347
13.2166
6.67356
1.5174
4.81037
4.49485
8.07001
2.21044
5.27379
5.12929
17.0969
4.6956
5.72926
22.8514
4.9458
3.56954
5.16842
5.0215
3.62017
2.41583
4.70917
1.77285
25.1051
1.39535
5.20001
0.285954
4.54548
5.88968
3.96711
5.0993
3.19991
4.6098
5.26859
6.13301
5.19422
0.888191
1.38305
4.79718
5.596
4.77877
10.8855
16.2929
4.32693
2.59877
4.36554
5.20512
5.28231
5.09868
1.11482
5.54695
5.43816
3.28815
3.69344
12.7358
4.64673
4.33413
0.00249752
6.69771
0.0376961
2.01499
0.119664
5.09056
5.42038
5.1078
13.404
4.84164
4.91925
4.75184
5.36862
5.03045
5.28242
11.9189
0.242328
3.92357
6.7224
4.11767
4.24916
4.12998
10.693
6.14945
5.49689
4.93833
4.60278
2.76456
0.82598
4.03506
0.201852
3.29018
4.52824
4.7341
4.49236
4.69415
1.34452
5.73322
2.00073
3.95223
2.11841
10.2647
5.27737
1.55572
3.54778
4.57521
4.47451
5.40911
3.89588
5.31231
4.84956
1.35118
1.80196
5.27872
5.3916
16.0014
5.32139
4.98065
5.27702
12.0766
5.07155
5.56422
8.77675
5.21903
5.25052
5.02652
11.8242
1.97141
4.32935
11.6966
1.23794
5.12077
12.2433
17.607
0.762676
4.85434
5.27674
4.97208
5.04616
5.30684
4.75457
5.01785
0.787799
5.16675
4.53837
2.91597
0.0223832
4.83811
2.41135
0.227764
8.22889
5.44796
4.70608
4.63017
5.52543
4.6874
2.40594
5.02415
1.54197
4.23936
4.81654
10.5244
10.1191
0.796818
5.10453
4.88399
5.13359
1.51422
5.18403
1.5619
5.20354
3.72459
4.51906
5.05339
5.24715
4.97431
0.19897
2.29974
20.1755
5.01659
5.1655
5.06391
4.88516
4.30799
4.56682
7.30273
5.56853
5.07354
0.253582
0.124151
5.32615
3.73624
5.44175
46.0437
5.48483
4.81165
5.85461
5.12906
8.17338
0.599634
5.44942
4.50042
0.382205
5.58865
5.99042
4.37555
0.893688
2.94579
1.8188
4.58056
4.92322
5.77085
0.425319
1.34442
5.01991
5.93202
2.63207
3.24296
25.4258
3.6179
7.66407
6.1287
4.16985
0.345234
5.34914
2.44873
4.8703
0.220238
5.25521
5.78266
5.744
4.80305
4.93669
5.6092
4.33314
5.32845
4.65381
5.86698
11.0905
4.97544
5.3611
4.5077
5.1919
0.478924
1.86215
7.36285
5.39435
12.8386
4.66648
1.53303
4.69177
4.76641
4.6076
3.88793
3.90415
11.9954
5.7271
13.8212
37.0946
11.2347
3.42744
0.0675365
4.70662
5.25873
4.84013
0.214643
5.92591
1.22368
1.03083
7.57912
4.70994
8.40389
4.97367
5.51986
5.79571
4.92632
0.584211
0.571307
8.00576
1.73935
4.80587
0.722845
3.93613
10.0368
4.86633
4.99659
5.7069
5.18573
4.1872
0.502481
3.492
5.37115
5.25058
5.08785
1.7587
5.67814
5.23548
6.26295
5.76356
0.767408
0.740092
7.59101
5.51448
0.757705
6.2196
5.58501
5.28817
3.16531
4.75175
10.3111
5.23461
4.74676
7.47174
5.01866
0.31114
5.55142
4.37731
5.09678
2.85517
5.1804
5.01158
5.71565
12.9265
4.58238
24.8534
5.47195
4.71664
4.56382
1.41691
4.92551
5.94276
9.0183
5.86999
4.70986
3.75303
5.23318
5.54941
5.23729
4.85826
5.96275
5.12817
4.7411
4.97575
4.46135
5.21218
8.9799
3.87359
1.38811
13.4643
5.32326
4.70339
5.14696
4.47111
3.23307
4.12488
5.36062
0.498811
4.83043
0.886655
1.39871
21.4007
4.4184
5.54133
8.25541
4.56484
5.80643
4.39257
3.73924
4.46787
5.49338
5.04795
4.82276
5.25719
4.29589
6.2557
5.93222
1.92218
4.26492
11.5282
1.05826
3.09978
6.41604
4.43691
17.4736
0.330401
5.89626
4.88885
4.82273
13.1493
12.6424
5.27973
6.42146
4.73656
4.3164
0.629537
4.72698
2.85184
4.37788
4.96465
4.23821
7.70687
4.82431
3.58017
13.8993
8.60836
3.02031
4.2935
3.99983
1.67756
1.10676
2.42783
4.18173
6.79196
4.54921
5.6455
2.56772
18.0424
7.25549
1.24052
4.41505
4.97742
5.30426
5.18054
4.45076
0.858188
2.56779
5.38042
5.46668
5.55258
3.36888
5.24267
7.43468
4.46536
4.92309
4.85558
4.22019
5.1285
0.203123
5.26492
4.66511
3.13342
18.4834
4.16977
4.83562
5.48087
7.65425
0.474662
4.65869
3.02511
4.80944
1.99704
0.989874
4.52708
0.24422
4.30319
4.92234
4.7908
7.03152
4.73568
4.84213
4.56507
7.39657
5.43973
1.22843
4.57049
6.06313
5.87493
10.3284
3.37165
5.17026
4.83242
0.794349
5.60602
0.439874
5.33378
10.6434
5.33215
5.5911
2.4345
0.0697703
6.06911
9.11959
3.30583
2.39169
5.43657
1.9952
19.7042
16.8559
5.21441
0.19137
5.52049
4.42857
4.87039
5.44884
5.00402
4.02597
4.62227
16.3593
4.46163
4.89136
6.08737
13.7601
3.62316
4.79493
4.68625
4.51113
2.60573
4.96654
3.56273
4.96493
6.75715
3.28985
1.88587
2.86788
1.32338
5.48222
1.90314
4.78996
4.95429
7.09277
0.174475
4.94903
4.24047
5.64619
6.80342
5.44752
1.02078
4.1333
5.16387
5.01196
5.36796
5.18172
3.08971
14.354
13.4615
4.05419
2.15829
4.21016
17.4106
5.00504
6.09131
1.70446
4.74745
5.09392
2.29619
4.36538
5.09051
6.002
2.32898
0.312266
4.17525
1.44215
3.79903
6.89728
4.47934
7.7659
4.60132
7.21376
5.19092
3.2106
4.91677
4.07119
1.04522
10.1642
1.39425
4.39561
0.719657
5.1765
5.30916
4.32872
4.49333
4.21624
4.93945
1.09817
4.82547
4.29813
5.35883
7.20615
4.55507
6.26174
4.75752
4.91273
4.83236
3.76238
5.03738
0.609184
12.5437
5.56825
0.446501
4.84489
0.552376
4.99016
12.6714
5.12199
4.91636
5.32553
2.32856
4.97358
5.23769
1.82246
11.3873
2.33914
5.03167
6.19981
1.20227
5.26359
5.68222
5.21564
0.0944171
2.65965
5.16219
0.397942
5.26858
5.26914
5.25241
4.56549
5.22587
5.15468
12.8986
21.1261
1.10755
0.729668
4.65426
11.2239
5.35471
4.76545
0.469722
5.48075
5.27036
2.73944
4.57225
11.8923
0.297687
10.2588
6.12984
5.2289
6.66462
5.2021
4.72848
4.16063
4.40562
3.91795
3.19307
0.277582
5.20134
5.36555
5.12226
1.4442
4.72844
9.30942
1.38323
4.58862
3.64682
5.60026
5.24223
0.275321
4.82749
8.86211
5.34217
5.14212
5.02686
5.14444
5.42176
5.17431
4.75735
5.1089
3.54213
5.75231
3.06212
4.72222
6.90018
2.60055
4.90498
1.45863
5.02921
3.67292
2.68526
4.97101
6.20659
4.88127
4.98296
5.23777
30.8385
2.2045
1.3294
0.735828
5.12891
4.21983
7.56194
5.73928
4.66539
4.90727
4.72813
5.1483
5.00113
12.4856
8.4658
5.33315
4.50325
5.28515
2.52232
5.11625
4.61845
5.85373
5.50502
5.33949
4.45543
5.82511
5.49088
0.513147
4.91622
5.1147
3.80653
5.7076
3.17686
8.23913
3.62155
2.41167
0.125705
6.24507
5.12483
6.29604
1.64399
6.8401
5.35622
1.02456
0.211943
5.6173
0.310224
4.85983
0.891053
5.57703
6.83586
7.13636
7.28378
6.83014
4.74423
8.16246
4.96005
0.593812
5.05557
4.99537
5.58836
4.0872
0.426147
4.57249
3.94924
5.74067
4.86595
5.29717
4.83568
4.73314
4.64119
0.408731
1.00684
4.55764
1.57866
13.8435
5.77066
4.28385
12.8821
1.11924
1.15241
4.17437
4.32271
6.34489
4.90315
5.11175
16.494
5.6897
2.53428
4.73888
5.01066
2.80882
5.29241
3.90529
2.22732
4.56917
1.97046
5.71737
0.915298
5.16676
3.09675
5.03074
6.54028
10.0285
5.83691
4.80069
5.16207
2.255
4.77162
4.18756
5.24479
5.39672
5.01918
4.91458
5.75562
18.1949
4.27273
5.09043
5.52034
5.6567
0.753279
4.96575
0.0938949
5.62647
5.29965
13.0956
4.88798
4.42698
4.80509
4.66551
24.5092
5.07836
5.62821
14.1545
4.81887
1.0527
15.9246
1.38367
5.14712
2.45906
2.77691
0.148193
4.46467
4.35305
5.39502
4.46799
0.214897
1.52837
5.04561
5.43186
6.51838
1.60095
0.553859
4.59597
3.29784
4.77999
6.82211
4.7336
0.772481
4.2173
4.83116
5.45802
5.31573
16.8617
4.25025
5.72623
0.565504
5.47265
4.14836
1.02997
10.1636
5.47502
1.11633
5.39048
2.73655
13.0286
5.4828
5.45118
4.87291
0.9593
5.19616
0.899936
5.41085
4.92552
5.48319
6.43627
0.359577
1.03047
5.2095
12.5661
4.81689
6.39548
0.929111
5.38515
6.19788
5.81865
5.37832
4.60201
5.1626
4.90528
4.4851
4.41147
5.07119
1.08441
3.87736
