37.421
1.97121
3.95325
11.2386
3.11157
4.81169
12.3202
5.46652
4.9424
5.45226
5.52184
5.2182
4.22667
5.72736
4.89557
2.05597
4.78786
4.5529
2.92864
2.77881
0.312912
4.32201
2.45745
10.9191
5.03038
7.96211
5.23623
4.84532
4.98815
2.26719
4.09521
1.33814
0.672445
5.19136
5.40619
5.16394
5.37116
1.11043
5.32848
1.21432
1.49526
4.85451
2.68545
4.02443
0.909643
1.48019
4.95886
0.899394
4.05662
7.6441
3.02768
4.67085
1.6527
4.57814
5.29383
2.08773
4.69589
0.475224
4.20037
4.86361
2.26917
4.87519
5.45498
4.46203
1.94013
4.74789
5.14124
5.26829
5.32542
4.7955
0.993537
4.3467
1.05625
4.68402
4.78567
4.63469
5.5945
5.13346
16.1991
4.47904
5.91651
1.65372
5.46579
5.90627
4.54907
5.1271
4.38268
0.484398
5.10601
5.00282
4.84601
5.4012
1.7061
0.441961
4.19718
1.39375
3.30557
4.51661
4.69398
5.07519
