3.9132e-05
0.705156
7.04485
3.06845
3.80464
1.23564
0.240936
5.67946
5.68619
13.6433
2.4185
3.66377
8.88826
0.175919
0.274719
3.77192
5.56076
0.0386399
2.4178
0.345905
2.70201
5.80413
4.44553
13.3276
9.35943
3.74255
0.482361
5.30541
2.68927
6.03975
12.0576
7.18159
1.52213
0.24314
6.66058
1.98923
5.00705
7.06135
23.5735
2.27332
1.41871
20.2422
6.41256
6.99904
5.27085
0.377315
4.9934
10.8014
1.59215
2.86715
7.27275
3.24787
1.35756
1.60728
2.2257
0.910651
3.3327
11.3971
11.9959
0.31238
11.7512
3.51117
3.63137
1.92121
21.5782
3.40586
1.54722
0.475582
14.7599
0.383051
3.47281
2.4237
1.6223
12.2564
3.77243
3.12227
14.1494
0.256909
7.16723
7.35283
8.796
0.669745
0.0799747
5.83106
10.1341
4.9651
6.66328
6.46242
37.6001
10.9719
1.32761
1.82874
2.16173
3.60027
4.47159
9.35341
2.65583
9.21034
1.56888
2.68409
