3.9132e-05
0.705156
7.04485
3.06845
3.80464
1.23564
0.240936
5.67946
5.68619
13.6433
2.4185
3.66377
8.88826
0.175919
0.274719
3.77192
5.56076
0.0386399
2.4178
0.345905
2.70201
5.80413
4.44553
13.3276
9.35943
3.74255
0.482361
5.30541
2.68927
6.03975
12.0576
7.18159
1.52213
0.24314
6.66058
1.98923
5.00705
7.06135
23.5735
2.27332
1.41871
20.2422
6.41256
6.99904
5.27085
0.377315
4.9934
10.8014
1.59215
2.86715
7.27275
3.24787
1.35756
1.60728
2.2257
0.910651
3.3327
11.3971
11.9959
0.31238
11.7512
3.51117
3.63137
1.92121
21.5782
3.40586
1.54722
0.475582
14.7599
0.383051
3.47281
2.4237
1.6223
12.2564
3.77243
3.12227
14.1494
0.256909
7.16723
7.35283
8.796
0.669745
0.0799747
5.83106
10.1341
4.9651
6.66328
6.46242
37.6001
10.9719
1.32761
1.82874
2.16173
3.60027
4.47159
9.35341
2.65583
9.21034
1.56888
2.68409
3.85342
3.15478
1.69286
0.982068
0.834525
4.23913
8.1077
0.168062
3.82268
3.45056
15.5457
6.89744
4.04373
11.07
4.90214
9.22705
0.870383
1.19606
6.27124
0.698766
0.476998
1.60508
0.0150205
2.67468
0.13622
6.18626
13.8948
1.3716
0.997721
1.91025
10.9014
5.27861
0.814566
5.71825
2.43729
2.45287
3.46315
0.798104
4.4238
9.34026
4.45932
15.5511
4.0613
0.801733
20.4633
2.62772
0.764706
4.16088
1.45261
3.35218
3.11839
16.2332
0.673551
1.1142
1.9228
4.96139
0.67745
5.26705
4.85947
8.12461
1.42404
3.23544
2.46586
1.13607
0.143928
11.5973
2.77996
0.765878
14.7335
2.64082
0.703146
10.8424
0.483511
0.884871
0.368575
2.27332
1.45883
0.725761
7.64282
3.03767
2.15026
3.01014
8.27596
13.4174
5.27268
1.21194
5.69081
11.9802
1.43925
9.86137
3.18631
3.52565
4.58638
8.50671
7.04973
3.10176
15.1173
5.00841
2.89312
8.70621
5.8395
6.05678
21.7703
15.4409
9.5281
1.70764
3.85474
3.61221
0.545916
2.67242
4.29857
10.4602
2.89944
6.542
10.1729
6.28761
8.06523
6.12999
6.76848
0.0963851
10.8591
3.72207
3.11179
0.337081
6.24873
3.35637
5.50827
5.72929
1.11294
12.4226
10.0452
11.0372
3.92575
0.749436
2.99234
22.7168
1.21375
2.95316
1.89703
3.61452
10.6644
2.89664
3.15116
8.21626
2.2719
1.18823
35.159
0.833843
4.97786
4.79013
0.0029761
0.00439693
7.42179
6.49756
1.92227
2.70405
5.7363
5.70596
1.14871
9.05226
6.1708
8.82193
0.496609
0.426361
7.21972
4.96548
1.20305
1.20111
0.422677
2.46185
15.1994
14.739
2.47028
1.56818
5.89102
1.67062
7.49991
7.65927
2.74489
1.65751
1.07816
0.0569037
1.06488
20.4425
1.39893
8.56639
0.733546
2.53868
4.5941
0.973269
8.81163
0.85828
22.0881
1.48643
1.33025
0.535907
1.23853
5.03542
5.95376
7.91812
5.95763
6.99063
5.53606
5.01783
0.29048
4.55921
1.28743
1.91933
6.01711
0.624625
7.18943
3.73404
4.03619
4.43353
1.9999
6.06994
0.771851
0.881823
3.3211
9.83863
8.39034
4.06907
6.71611
1.89904
0.72705
3.75969
1.86068
4.43511
3.64992
2.81804
1.49771
2.31197
2.49628
2.96077
3.23033
2.45374
1.63761
0.407478
2.30813
1.46463
5.57042
5.63872
3.60708
6.52096
6.37856
14.4797
3.08739
14.0807
1.9398
3.08495
3.6402
5.41402
2.56943
4.65245
21.5263
0.814912
5.5448
2.10658
3.90127
3.69918
8.83744
0.0753173
1.60247
5.1498
3.9498
12.4959
1.55041
17.5473
1.41668
9.28871
5.92124
3.04175
8.49412
0.111656
0.876227
6.13706
6.15203
2.86917
4.36641
6.96579
23.8579
5.94836
1.63913
7.00933
0.938755
0.021315
3.42283
0.416456
0.89014
11.6808
7.63911
6.86549
2.86728
0.0318094
4.39482
3.65402
0.345945
3.92656
2.46928
1.21562
2.43692
4.92903
5.38015
6.17766
3.86811
1.64453
8.46225
2.32536
5.79343
1.85654
0.0469574
0.547943
3.67986
7.47788
1.2467
0.284327
0.366268
0.873398
6.43249
1.76215
0.259639
3.24856
3.05472
3.66973
2.95737
0.814428
1.68396
8.96927
5.94768
4.3111
5.7154
2.01116
0.295966
21.6692
3.90872
0.00829396
9.6964
0.148975
2.37046
3.36331
4.29215
6.71538
5.68675
3.84223
0.181182
0.653431
18.1259
1.04297
2.16407
4.76122
4.67751
0.67299
4.02444
15.3987
2.20747
9.10393
18.2971
1.49887
1.4486
2.76115
8.38452
11.4097
1.40245
7.14846
5.93486
3.00604
1.53005
5.47564
0.619722
1.17584
0.603362
3.95904
0.0304896
0.967768
4.57345
2.82736
0.430549
5.81439
2.3525
9.04575
0.659877
18.1241
0.150416
0.418827
3.40851
7.33616
13.5928
1.43945
2.22876
7.32916
3.46529
6.91653
5.57224
5.72327
7.06874
0.185227
1.31054
1.25301
4.13456
5.28671
4.79352
2.32182
1.27318
1.33085
5.29232
0.907175
6.81493
0.870325
0.244053
5.42345
0.667342
14.8951
3.30999
4.8517
12.2685
0.0905374
4.50142
6.39836
3.43167
0.275949
2.91369
3.66126
7.39082
0.337949
2.92407
18.9006
3.15313
1.99535
2.95232
6.79873
1.14921
0.939964
2.33022
14.0442
16.7408
1.47157
0.364656
0.661083
3.7363
0.872262
3.64602
0.555691
9.2124
2.29878
2.75729
1.98174
6.2509
4.29927
10.2741
7.09917
9.0577
6.01638
2.46378
13.6855
4.65198
2.24774
3.87726
3.03551
2.56825
1.37508
0.433706
2.73726
3.19689
1.71081
0.554485
1.21919
8.09791
3.74794
5.52547
9.96239
1.39692
6.21642
1.53034
2.41298
0.422376
3.07873
1.32548
7.93233
3.37991
0.01617
1.54704
5.46348
2.76859
1.03404
16.5489
0.719578
7.94464
14.598
0.938612
4.65704
0.32965
2.13466
1.72986
3.56326
8.7388
8.98904
6.48123
1.99817
8.09957
4.99515
0.232004
0.211514
0.832133
7.28498
0.318595
3.66259
13.2359
1.24561
1.14432
0.466022
6.01472
6.12873
3.41233
1.51756
6.21654
2.37702
1.11975
1.32379
2.86436
3.16966
9.87315
18.9134
2.93961
0.174216
3.70929
0.160751
6.99535
4.4774
8.65495
1.99925
1.32034
3.84505
2.81602
2.58406
21.8405
17.0426
9.50332
10.1064
1.86696
0.803135
30.1585
5.10164
3.15626
13.435
5.86839
8.448
3.89935
4.25259
0.867103
14.5249
8.61118
0.844543
0.209711
2.10503
0.582778
0.507608
3.65708
0.113299
4.12179
9.72022
3.63774
5.61234
6.68133
5.99427
0.115317
1.06587
5.55835
2.12226
0.342948
0.758247
12.699
1.25294
2.3911
4.40964
0.915486
0.133464
5.87412
7.18465
6.25349
0.402387
4.45567
12.985
13.2748
2.81451
3.52579
8.89686
12.5811
4.60197
6.43381
3.66294
3.37474
0.880223
18.6726
4.27081
1.59587
3.79032
5.99589
5.4988
0.512559
3.97852
4.71751
5.51258
3.41723
4.23829
4.44445
2.91083
0.819758
3.48854
6.57199
0.160842
0.264983
3.69139
1.93304
0.178444
1.40613
0.566854
2.41418
4.01291
4.54618
4.7223
13.6862
7.39271
3.59898
3.33429
5.25094
5.97004
2.61734
3.33593
3.26754
6.19714
3.81998
1.61929
4.65116
1.64324
6.07634
3.78032
13.9236
1.34203
2.66786
4.55001
7.63934
12.6444
5.72052
8.6068
3.74767
1.30858
0.77558
11.489
1.4479
5.27079
0.0241362
13.7394
1.61035
9.78668
1.63509
15.2279
3.5344
0.655955
2.69334
6.06122
2.86786
0.569982
7.26591
0.526056
2.9104
2.11237
1.76245
7.08627
2.0663
2.00805
0.28606
4.257
3.32072
1.13125
0.607871
18.3156
9.99796
3.3848
2.28954
8.17153
0.884902
0.869266
0.29728
0.808193
3.15651
2.39509
10.7581
2.7594
2.65725
5.26764
1.84321
0.310135
8.42125
11.3971
12.597
11.5742
7.34939
0.936447
4.24833
0.159537
8.12956
3.69297
9.88882
1.6231
10.1817
4.41987
2.4647
8.35378
3.72926
14.0564
2.72396
4.33587
6.9144
10.6341
2.06309
1.05082
6.79585
6.34557
10.5665
0.378302
6.19133
10.5623
2.22659
0.470746
0.877897
2.69609
0.507
5.61493
4.13467
8.38449
10.5265
7.33449
5.0421
11.3421
10.5356
3.33224
0.599949
2.36993
2.41135
5.817
0.649061
0.399665
0.773349
3.247
6.16509
1.35917
2.47941
18.6237
4.95462
5.71594
11.9675
2.25022
9.80254
7.90615
2.80072
0.381765
3.45206
3.30701
2.99587
3.46231
6.74998
13.5036
1.78424
0.790266
0.582773
0.418659
17.9635
2.62274
1.36174
16.5059
8.96302
1.10373
0.693332
1.09269
2.07091
4.28633
2.90149
4.40552
2.8359
2.29593
2.4089
4.58311
2.80597
0.805467
5.54629
26.9092
5.98774
2.57701
9.4616
8.56088
7.88442
2.34402
0.0482717
3.2675
5.09519
5.19929
5.17675
8.02312
2.36897
2.21328
2.46739
2.03463
5.91413
0.782669
1.72321
5.49591
9.63326
1.88948
0.778257
4.60965
0.0280193
12.6808
2.40597
3.63385
2.11145
1.53353
1.7195
8.96825
0.664177
5.03408
0.249616
3.06287
2.36457
0.847261
7.04998
5.48267
0.057988
7.92082
4.1153
1.70298
2.68551
1.93281
3.61381
6.34977
9.22719
1.31915
3.12751
2.33691
0.256693
0.383597
1.13105
4.17566
8.90481
2.74569
9.14882
1.73393
0.999551
2.21214
13.5989
4.45091
2.30257
3.10933
4.94203
14.4525
2.60258
0.259002
2.94259
4.5308
6.89781
9.98181
0.702193
0.552308
5.47272
8.96013
4.35283
5.37341
20.0959
0.0954861
12.7216
1.08257
17.167
3.70195
1.63416
6.36116
4.46359
9.07254
8.99971
5.3924
6.55497
5.15047
2.15029
3.82726
5.45541
1.95359
10.17
2.9203
12.5032
1.61943
15.1571
0.623497
2.68933
9.0509
16.4218
2.02429
3.73466
3.83888
8.52169
13.2885
5.43677
1.39347
